line	original_score	max_predicate_score	total	predicate	label
com.google.javascript.rhino.Node$FileLevelJsDocBuilder#void#append#?,String#1849	3.2	3.2	6.4	jsDocInfo == null	_
com.google.javascript.jscomp.parsing.JsDocInfoParser#ExtractionInfo#extractMultilineTextualBlock#?,JsDocToken,WhitespaceOption#1421	2.2857142857142856	4.0	4.7272727272727275	!(option != WhitespaceOption.PRESERVE)	GT
com.google.javascript.rhino.JSDocInfo#String#getLicense#?#1196	3.2	0.0	3.2		_
com.google.javascript.rhino.JSDocInfo#void#setLicense#?,String#1207	3.2	0.0	3.2		_
com.google.javascript.jscomp.parsing.JsDocInfoParser#String#toString#?,JsDocToken#1226	0.42105263157894735	0.0	0.42105263157894735		_
com.google.javascript.rhino.JSDocInfoBuilder#void#markText#?,String,int,int,int,int#169	0.08888888888888889	0.16666666666666666	0.25555555555555554	!(currentMarker != null)	_
com.google.javascript.jscomp.Compiler#Node#parseInputs#?#1340	0.1111111111111111	0.1111111111111111	0.2222222222222222	!(info.isNoCompile())	_
com.google.javascript.jscomp.parsing.IRFactory#void#setFileOverviewJsDoc#?,Node#196	0.16666666666666666	0.16666666666666666	0.16682294108454446	rootNodeJsDoc != null	_
com.google.javascript.jscomp.Compiler$CodeBuilder#CodeBuilder#append#?,String#1749	0.125	0.125	0.13306451612903225	!(lastIndex == -1)	_
com.google.javascript.jscomp.parsing.JsDocTokenStream#int#getCharIgnoreLineEnd#?#396	0.04736842105263158	0.04736842105263158	0.09473684210526316	!(charno == -1)	_
com.google.javascript.jscomp.parsing.JsDocTokenStream#String#getRemainingJSDocLine#?#207	0.07441860465116279	0.04736842105263158	0.09473684210526316	!(peekChar() != '/')	_
com.google.javascript.jscomp.parsing.JsDocTokenStream#void#update#?#327	0.06504065040650407	0.0	0.06504065040650407		_
com.google.javascript.rhino.JSDocInfoBuilder#JSDocInfo#build#?,Node#125	0.05555555555555555	0.05555555555555555	0.0599247527155774	!(populated)	_
com.google.javascript.jscomp.parsing.JsDocInfoParser$ExtractionInfo#?#ExtractionInfo#?,String,JsDocToken#1252	0.05517241379310345	0.0	0.05517241379310345		_
com.google.javascript.jscomp.parsing.JsDocTokenStream#int#peekChar#?#332	0.04736842105263158	0.0	0.04736842105263158		_
com.google.javascript.jscomp.ReplaceIdGenerators$GatherGenerators#void#visit#?,NodeTraversal,Node,Node#84	0.02	0.02	0.03694915254237288	!doc.isConsistentIdGenerator() && !doc.isIdGenerator()	_
com.google.javascript.jscomp.parsing.IRFactory#Node#transformTree#?,AstRoot,StaticSourceFile,String,Config,ErrorReporter#177	0.03333333333333333	0.03333333333333333	0.03364102564102564	comment.getCommentType() == CommentType.JSDOC && !irFactory.parsedComments.contains(comment)	_
com.google.javascript.jscomp.parsing.IRFactory#void#handlePossibleFileOverviewJsDoc#?,Comment,Node#256	0.03333333333333333	0.0	0.03333333333333333		_
com.google.javascript.jscomp.parsing.JsDocTokenStream#?#JsDocTokenStream#?,String,int#42	0.022277227722772276	0.0	0.022277227722772276		_
com.google.javascript.rhino.jstype.SimpleSourceFile#String#getName#?#57	0.020089285714285716	0.0	0.020089285714285716		_
com.google.javascript.jscomp.testing.TestErrorReporter#boolean#hasEncounteredAllWarnings#?#78	0.019027484143763214	0.0	0.019027484143763214		_
com.google.javascript.rhino.jstype.SimpleSourceFile#?#SimpleSourceFile#?,String,boolean#52	0.018789144050104383	0.0	0.018789144050104383		_
com.google.javascript.jscomp.testing.TestErrorReporter#?#TestErrorReporter#?,String[],String[]#45	0.017142857142857144	0.0	0.017142857142857144		_
com.google.javascript.rhino.JSDocInfo#boolean#isConsistentIdGenerator#?#434	0.01694915254237288	0.0	0.01694915254237288		_
com.google.javascript.rhino.JSDocInfo#boolean#isIdGenerator#?#547	0.01694915254237288	0.0	0.01694915254237288		_
com.google.javascript.jscomp.DefaultPassConfig#List<PassFactory>#getCodeRemovingPasses#?#716	0.007751937984496124	0.008333333333333333	0.015882019285309135	!(options.inlineConstantVars)	_
com.google.javascript.jscomp.CreateSyntheticBlocks$Callback#void#visit#?,NodeTraversal,Node,Node#171	0.00684931506849315	0.00684931506849315	0.0136986301369863	!n.isCall() || !n.getFirstChild().isName()	_
com.google.javascript.jscomp.DefaultPassConfig#List<PassFactory>#getOptimizations#?#436	0.006666666666666667	0.008771929824561403	0.01338022475543698	!(options.closurePass)	_
com.google.javascript.jscomp.parsing.JsDocTokenStream#int#getChar#?#360	0.006482982171799027	0.006482982171799027	0.012960712839206157	!(lineEndChar == '\r' && c == '\n')	_
com.google.javascript.jscomp.ReplaceIdGenerators#void#process#?,Node,Node#122	0.00625	0.006666666666666667	0.012916666666666667	!(!nameGenerators.isEmpty() || !this.consistNameGenerators.isEmpty())	_
com.google.javascript.rhino.JSDocInfo#void#lazyInitInfo#?#622	0.00631163708086785	0.00631163708086785	0.0126232741617357	info == null	_
com.google.javascript.jscomp.ReplaceIdGenerators#?#ReplaceIdGenerators#?,AbstractCompiler,Set<String>#66	0.00625	0.00625	0.0125	idGens != null	_
com.google.javascript.jscomp.Compiler#Result#compileModules#?,List<T>,List<JSModule>,CompilerOptions#569	0.00625	0.00625	0.0125	!(hasErrors())	_
com.google.javascript.jscomp.DefaultPassConfig#List<PassFactory>#getMainOptimizationLoop#?#692	0.004608294930875576	0.007575757575757576	0.012184052506633153	!(options.removeUnusedVars || options.removeUnusedLocalVars)	_
com.google.javascript.rhino.Node$ObjectPropListItem#PropListItem#chain#?,PropListItem#325	0.011764705882352941	0.0	0.011764705882352941		_
com.google.javascript.jscomp.parsing.JsDocTokenStream#JsDocToken#getJsDocToken#?#179	0.0064803564196030785	0.0064803564196030785	0.011192730206241175	isJSDocString(c2)	_
com.google.javascript.jscomp.LoggerErrorManager#void#printSummary#?#69	0.0049504950495049506	0.0055248618784530384	0.01047535692795799	!(getErrorCount() + getWarningCount() > 0)	_
com.google.javascript.jscomp.CheckSideEffects$StripProtection#void#visit#?,NodeTraversal,Node,Node#219	0.004694835680751174	0.004694835680751174	0.009389671361502348	!(n.isCall())	_
com.google.javascript.jscomp.Compiler#void#optimize#?#1805	0.004629629629629629	0.0047169811320754715	0.0093466107617051	!(hasErrors())	_
com.google.javascript.jscomp.parsing.JsDocInfoParser#boolean#parse#?#203	0.004652515266065717	0.004693458492226459	0.009345973758292176	!(token != JsDocToken.ANNOTATION && token != JsDocToken.EOC)	_
com.google.javascript.jscomp.AstValidator#void#process#?,Node,Node#62	0.004651162790697674	0.004651162790697674	0.009302325581395349	root != null	_
com.google.javascript.jscomp.MakeDeclaredNamesUnique$ContextualRenameInverter#void#visit#?,NodeTraversal,Node,Node#393	0.0045871559633027525	0.0045871559633027525	0.009174311926605505	t.inGlobalScope()	_
com.google.javascript.jscomp.MakeDeclaredNamesUnique$ContextualRenameInverter#void#exitScope#?,NodeTraversal#315	0.0045871559633027525	0.0045871559633027525	0.009174311926605505	t.inGlobalScope()	_
com.google.javascript.jscomp.MakeDeclaredNamesUnique$ContextualRenameInverter#void#enterScope#?,NodeTraversal#301	0.0045871559633027525	0.0045871559633027525	0.009174311926605505	t.inGlobalScope()	_
com.google.javascript.rhino.JSDocInfo#Marker#addMarker#?#648	0.004656577415599534	0.004656577415599534	0.00909978763498304	!lazyInitDocumentation()	_
com.google.javascript.rhino.JSDocInfoBuilder#void#markAnnotation#?,String,int,int#151	0.004443210219383505	0.004656577415599534	0.00909978763498304	!(marker != null)	_
com.google.javascript.rhino.JSDocInfoBuilder#void#recordOriginalCommentString#?,String#79	0.004427227448810182	0.004652515266065717	0.0090797427148759	!(parseDocumentation)	_
com.google.javascript.rhino.JSDocInfo#boolean#lazyInitDocumentation#?#632	0.004652515266065717	0.004652515266065717	0.009078518032317445	!includeDocumentation	_
com.google.javascript.jscomp.parsing.JsDocTokenStream#boolean#isAlpha#?,int#272	0.004427227448810182	0.004427227448810182	0.008853230215061911	!(c <= 'Z')	_
com.google.javascript.jscomp.parsing.JsDocInfoParser#?#JsDocInfoParser#?,JsDocTokenStream,Comment,Node,Config,ErrorReporter#138	0.004427227448810182	0.004427227448810182	0.008847116951572614	commentNode != null	_
com.google.javascript.jscomp.parsing.JsDocInfoParser#JsDocToken#next#?#2273	0.004421110804089527	0.004421110804089527	0.008841000306851959	!(unreadToken == NO_UNREAD_TOKEN)	_
com.google.javascript.jscomp.parsing.JsDocTokenStream#boolean#matchChar#?,int#261	0.004406499586890664	0.004406499586890664	0.0088093614470998	c == test	_
com.google.javascript.jscomp.parsing.JsDocTokenStream#void#addToString#?,int#243	0.0044004400440044	0.0044004400440044	0.0088008800880088	!(N == stringBuffer.length)	_
com.google.javascript.jscomp.parsing.JsDocTokenStream#boolean#isJSSpace#?,int#310	0.004395604395604396	0.004395604395604396	0.008791208791208791	c <= 127	_
com.google.javascript.jscomp.Denormalize#void#maybeCollapseIntoForStatements#?,Node,Node#73	0.004273504273504274	0.004273504273504274	0.008547008547008548	!n.isExprResult() && !n.isVar()	_
com.google.javascript.jscomp.Compiler#void#maybeSanityCheck#?#818	0.0041841004184100415	0.0041841004184100415	0.008368200836820083	!(options.devMode == DevMode.EVERY_PASS)	_
com.google.javascript.jscomp.DefaultPassConfig#Map<String,Node>#getAdditionalReplacements#?,CompilerOptions#2212	0.0029239766081871343	0.005235602094240838	0.008159578702427972	!(options.markAsCompiled || options.closurePass)	_
com.google.javascript.jscomp.Compiler#String#toSource#?#1515	0.007936507936507936	0.0	0.007936507936507936		_
com.google.javascript.jscomp.DefaultPassConfig#List<PassFactory>#getChecks#?#193	0.0028011204481792717	0.005025125628140704	0.007826246076319975	!(options.closurePass)	_
com.google.javascript.jscomp.Compiler#void#compileInternal#?#692	0.004608294930875576	0.004608294930875576	0.00753227153906271	!options.ideMode	_
com.google.javascript.jscomp.Compiler#void#toSource#?,CodeBuilder,int,Node#1631	0.007462686567164179	0.0	0.007462686567164179		_
com.google.javascript.jscomp.parsing.JsDocInfoParser#JsDocToken#parseModifiesTag#?,JsDocToken#1052	0.003703703703703704	0.0037174721189591076	0.0074211758226628115	!(!jsdocBuilder.recordModifies(modifies))	_
com.google.javascript.rhino.JSDocInfoBuilder#boolean#recordModifies#?,Set<String>#419	0.0037174721189591076	0.0037174721189591076	0.0074211758226628115	!hasAnySingletonSideEffectTags() && currentInfo.setModifies(modifies)	_
com.google.javascript.jscomp.Compiler$CodeBuilder#String#toString#?#1762	0.007407407407407408	0.0	0.007407407407407408		_
com.google.javascript.rhino.JSDocInfo#boolean#setModifies#?,Set<String>#723	0.003703703703703704	0.003703703703703704	0.007407407407407408	!(info.modifies != null)	_
com.google.javascript.jscomp.VarCheck$NameRefInExternsCheck#void#visit#?,NodeTraversal,Node,Node#246	0.0036101083032490976	0.003703703703703704	0.0073138120069528014	!(var == null)	_
com.google.javascript.jscomp.PhaseOptimizer#void#process#?,Node,Node#188	0.002793296089385475	0.004366812227074236	0.007069514929776938	!(progressRange != null)	_
com.google.javascript.jscomp.CreateSyntheticBlocks#?#CreateSyntheticBlocks#?,AbstractCompiler,String,String#71	0.00684931506849315	0.0	0.00684931506849315		_
com.google.javascript.jscomp.CreateSyntheticBlocks#void#process#?,Node,Node#79	0.00684931506849315	0.0	0.00684931506849315		_
com.google.javascript.jscomp.VarCheck#void#process#?,Node,Node#98	0.0024813895781637717	0.00423728813559322	0.006688268527750083	!(!sanityCheck)	_
com.google.javascript.jscomp.ReplaceIdGenerators#String#getIdGeneratorMap#?#194	0.006666666666666667	0.0	0.006666666666666667		_
com.google.javascript.jscomp.CheckSideEffects#void#process#?,Node,Node#73	0.0027548209366391185	0.0037174721189591076	0.006472293055598226	!(protectSideEffectFreeCode)	_
com.google.javascript.jscomp.ProcessDefines#void#process#?,Node,Node#117	0.0035587188612099642	0.0035587188612099642	0.006176519908330383	namespace == null	_
com.google.javascript.jscomp.Compiler#void#check#?#772	0.0029239766081871343	0.0029239766081871343	0.005847953216374269	!(options.nameAnonymousFunctionsOnly)	_
com.google.javascript.jscomp.VarCheck#void#visit#?,NodeTraversal,Node,Node#129	0.0031847133757961785	0.0031847133757961785	0.005678478961831091	varName.isEmpty()	_
com.google.javascript.jscomp.parsing.JsDocTokenStream#boolean#isJSDocString#?,int#298	0.005669737774627924	0.0	0.005669737774627924		_
com.google.javascript.jscomp.Compiler#void#runCustomPasses#?,CustomPassExecutionTime#859	0.0028011204481792717	0.0028089887640449437	0.005610109212224216	!(options.customPasses != null)	_
com.google.javascript.jscomp.PhaseOptimizer#void#consume#?,List<PassFactory>#143	0.002777777777777778	0.002793296089385475	0.005571073867163253	!(isCurrentLoopPopulated)	_
com.google.javascript.jscomp.CheckSideEffects#void#visit#?,NodeTraversal,Node,Node#127	0.0027548209366391185	0.0027548209366391185	0.005509641873278237	!(pt != Token.EXPR_RESULT && pt != Token.BLOCK)	_
com.google.javascript.jscomp.PhaseOptimizer#Tracer#newTracer#?,String#246	0.0026954177897574125	0.002793296089385475	0.005488713879142888	!(tracker != null)	_
com.google.javascript.jscomp.PhaseOptimizer#void#stopTracer#?,Tracer,String#254	0.0026954177897574125	0.002793296089385475	0.005488713879142888	!(tracker != null)	_
com.google.javascript.jscomp.Compiler#PassConfig#getPassConfig#?#712	0.0026954177897574125	0.002777777777777778	0.005473195567535191	!(passes == null)	_
com.google.javascript.jscomp.ProcessDefines#void#overrideDefines#?,Map<String,DefineInfo>#141	0.002617801047120419	0.0028328611898017	0.005450662236922119	!(changed)	_
com.google.javascript.jscomp.Compiler#void#setProgress#?,double#2299	0.002717391304347826	0.002717391304347826	0.005434782608695652	!(newProgress > 1.0)	_
com.google.javascript.jscomp.PhaseOptimizer#void#maybeSanityCheck#?,Node,Node#231	0.0026954177897574125	0.002702702702702703	0.005398120492460115	!(sanityCheck != null)	_
com.google.javascript.jscomp.Compiler#T#runCallable#?,Callable<T>,boolean,boolean#653	0.002702702702702703	0.002702702702702703	0.005398120492460115	!(exception[0] != null)	_
com.google.javascript.jscomp.ProcessDefines$CollectDefines#void#visit#?,NodeTraversal,Node,Node#350	0.002617801047120419	0.002617801047120419	0.005235602094240838	!(n.isCall())	_
com.google.javascript.jscomp.parsing.JsDocInfoParser#void#setFileLevelJsDocBuilder#?,Node.FileLevelJsDocBuilder#108	0.004939796233405372	0.0	0.004939796233405372		_
com.google.javascript.rhino.Node#void#setJSDocInfo#?,JSDocInfo#1876	0.0048484848484848485	0.0	0.0048484848484848485		_
com.google.javascript.jscomp.MakeDeclaredNamesUnique$ContextualRenamer#void#addDeclaredName#?,String#463	6.127450980392157E-4	0.00423728813559322	0.004847044233154196	!(!name.equals(ARGUMENTS))	_
com.google.javascript.rhino.Node#Object#getProp#?,int#815	0.0024748646558391337	0.0024748646558391337	0.004820217924675252	item == null	_
com.google.javascript.rhino.Node#PropListItem#removeProp#?,PropListItem,int#801	0.0023591860808021233	0.0023591860808021233	0.004718372161604247	!(result != item.getNext())	_
com.google.javascript.rhino.Node#void#putProp#?,int,Object#853	0.002362669816893089	0.002362669816893089	0.004712846080112831	value != null	_
com.google.javascript.jscomp.parsing.Config#Map<String,Annotation>#buildAnnotationNames#?,Set<String>#94	0.0023550191345304682	0.0023550191345304682	0.0047100382690609364	!Annotation.recognizedAnnotations.containsKey(unrecognizedAnnotation)	_
com.google.javascript.jscomp.CheckSideEffects$StripProtection#?#StripProtection#?,AbstractCompiler#209	0.004694835680751174	0.0	0.004694835680751174		_
com.google.javascript.jscomp.CheckSideEffects$StripProtection#void#process#?,Node,Node#214	0.004694835680751174	0.0	0.004694835680751174		_
com.google.javascript.rhino.Node#void#removeProp#?,int#783	0.002328627565128802	0.002328627565128802	0.004657255130257604	!(result != propListHead)	_
com.google.javascript.jscomp.Compiler#void#normalize#?#1849	0.004608294930875576	0.0	0.004608294930875576		_
com.google.javascript.jscomp.MakeDeclaredNamesUnique$ContextualRenameInverter#?#ContextualRenameInverter#?,AbstractCompiler#275	0.0045871559633027525	0.0	0.0045871559633027525		_
com.google.javascript.jscomp.MakeDeclaredNamesUnique$ContextualRenameInverter#boolean#shouldTraverse#?,NodeTraversal,Node,Node#388	0.0045871559633027525	0.0	0.0045871559633027525		_
com.google.javascript.jscomp.MakeDeclaredNamesUnique$ContextualRenameInverter#void#process#?,Node,Node#280	0.0045871559633027525	0.0	0.0045871559633027525		_
com.google.javascript.jscomp.MakeDeclaredNamesUnique#CompilerPass#getContextualRenameInverter#?,AbstractCompiler#72	0.0045871559633027525	0.0	0.0045871559633027525		_
com.google.javascript.jscomp.parsing.JsDocTokenStream#int#getLineno#?#226	0.004433361041839845	0.0	0.004433361041839845		_
com.google.javascript.jscomp.parsing.JsDocTokenStream#int#getCharno#?#229	0.004433361041839845	0.0	0.004433361041839845		_
com.google.javascript.rhino.JSDocInfoBuilder#boolean#isPopulatedWithFileOverview#?#102	0.004428452809299751	0.0	0.004428452809299751		_
com.google.javascript.jscomp.parsing.JsDocInfoParser#boolean#hasParsedFileOverviewDocInfo#?#2307	0.004428452809299751	0.0	0.004428452809299751		_
com.google.javascript.rhino.JSDocInfoBuilder#boolean#isPopulated#?#93	0.004428452809299751	0.0	0.004428452809299751		_
com.google.javascript.jscomp.parsing.JsDocInfoParser#JSDocInfo#retrieveAndResetParsedJSDocInfo#?#2315	0.004428452809299751	0.0	0.004428452809299751		_
com.google.javascript.rhino.JSDocInfoBuilder#boolean#shouldParseDocumentation#?#85	0.004427227448810182	0.0	0.004427227448810182		_
com.google.javascript.jscomp.parsing.JsDocInfoParser#JsDocToken#current#?#2286	0.004421110804089527	0.0	0.004421110804089527		_
com.google.javascript.jscomp.parsing.JsDocInfoParser#boolean#match#?,JsDocToken#2256	0.004421110804089527	0.0	0.004421110804089527		_
com.google.javascript.jscomp.parsing.JsDocInfoParser#Node#createTemplateNode#?#2195	0.004419889502762431	0.0	0.004419889502762431		_
com.google.javascript.jscomp.parsing.JsDocTokenStream#String#getString#?#232	0.004402861860209136	0.0	0.004402861860209136		_
com.google.javascript.jscomp.parsing.JsDocTokenStream#String#getStringFromBuffer#?#237	0.0044004400440044	0.0	0.0044004400440044		_
com.google.javascript.jscomp.parsing.JsDocTokenStream#void#ungetChar#?,int#256	0.0044004400440044	0.0	0.0044004400440044		_
com.google.javascript.jscomp.parsing.JsDocTokenStream#int#getOffset#?#447	0.004394397143641857	0.0	0.004394397143641857		_
com.google.javascript.jscomp.parsing.JsDocTokenStream#?#JsDocTokenStream#?,String,int,int#49	0.004394397143641857	0.0	0.004394397143641857		_
com.google.javascript.rhino.JSDocInfoBuilder#?#JSDocInfoBuilder#?,boolean#70	0.004360861270100845	0.0	0.004360861270100845		_
com.google.javascript.rhino.JSDocInfo#?#JSDocInfo#?,boolean#334	0.004343105320304018	0.0	0.004343105320304018		_
com.google.javascript.jscomp.Denormalize#void#process#?,Node,Node#48	0.004329004329004329	0.0	0.004329004329004329		_
com.google.javascript.rhino.IR#Node#script#?,Node#118	0.004323155903809781	0.0	0.004323155903809781		_
com.google.javascript.jscomp.Denormalize#?#Denormalize#?,AbstractCompiler#43	0.004273504273504274	0.0	0.004273504273504274		_
com.google.javascript.jscomp.Denormalize#boolean#shouldTraverse#?,NodeTraversal,Node,Node#53	0.004273504273504274	0.0	0.004273504273504274		_
com.google.javascript.jscomp.Denormalize#void#visit#?,NodeTraversal,Node,Node#58	0.004273504273504274	0.0	0.004273504273504274		_
com.google.javascript.jscomp.Compiler#void#process#?,CompilerPass#806	0.0041841004184100415	0.0	0.0041841004184100415		_
com.google.javascript.jscomp.Compiler#void#startPass#?,String#880	0.0041841004184100415	0.0	0.0041841004184100415		_
com.google.javascript.jscomp.Compiler#void#endPass#?#889	0.0041841004184100415	0.0	0.0041841004184100415		_
com.google.javascript.rhino.JSDocInfoBuilder#boolean#recordNoSideEffects#?#882	0.001941747572815534	0.001941747572815534	0.003879732068939565	!hasAnySingletonSideEffectTags() && !currentInfo.isNoSideEffects()	_
com.google.javascript.jscomp.Compiler#Node#getRoot#?#950	0.003787878787878788	0.0	0.003787878787878788		_
com.google.javascript.jscomp.NodeUtil#boolean#checkForStateChangeHelper#?,Node,boolean,AbstractCompiler#872	0.0019120458891013384	0.0019120458891013384	0.003760474724591172	!(isAssignmentOp(n))	_
com.google.javascript.jscomp.BasicErrorManager#double#getTypedPercent#?#101	0.0032258064516129032	0.0	0.0032258064516129032		_
com.google.javascript.jscomp.GlobalNamespace#void#process#?#211	0.0014858841010401188	0.001557632398753894	0.003043516499794013	!(externsRoot != null)	_
com.google.javascript.jscomp.GlobalNamespace$BuildGlobalNamespace#void#collect#?,NodeTraversal,Node,Node#309	0.0014858841010401188	0.0014858841010401188	0.0029717682020802376	!(externsRoot != null && n == externsRoot)	_
com.google.javascript.jscomp.GlobalNamespace#void#ensureGenerated#?#142	0.0014858841010401188	0.0014858841010401188	0.0029717682020802376	!generated	_
com.google.javascript.jscomp.CompilerOptions$TweakProcessing#boolean#shouldStrip#?#1959	0.0029239766081871343	0.0	0.0029239766081871343		_
com.google.javascript.jscomp.CompilerOptions#boolean#isExternExportsEnabled#?#1334	0.0029239766081871343	0.0	0.0029239766081871343		_
com.google.javascript.jscomp.DefaultPassConfig#CompilerPass#runInSerial#?,Collection<CompilerPass>#2198	0.0029239766081871343	0.0	0.0029239766081871343		_
com.google.javascript.jscomp.DefaultPassConfig#CompilerPass#runInSerial#?,CompilerPass#2192	0.0029239766081871343	0.0	0.0029239766081871343		_
com.google.javascript.jscomp.CompilerOptions#Map<String,Node>#getDefineReplacements#?#918	0.0029154518950437317	0.0	0.0029154518950437317		_
com.google.javascript.jscomp.CompilerOptions#Map<String,Node>#getReplacementsHelper#?,Map<String,Object>#948	0.0029154518950437317	0.0	0.0029154518950437317		_
com.google.javascript.jscomp.DefaultPassConfig#void#assertAllOneTimePasses#?,List<PassFactory>#803	0.0028011204481792717	0.0	0.0028011204481792717		_
com.google.javascript.jscomp.CompilerOptions#TweakProcessing#getTweakProcessing#?#1352	0.0028011204481792717	0.0	0.0028011204481792717		_
com.google.javascript.jscomp.Compiler#double#getProgress#?#2294	0.0028011204481792717	0.0	0.0028011204481792717		_
com.google.javascript.jscomp.DefaultPassConfig#PassFactory#createEmptyPass#?,String#2159	0.0028011204481792717	0.0	0.0028011204481792717		_
com.google.javascript.jscomp.CompilerOptions$TweakProcessing#boolean#isOn#?#1955	0.0028011204481792717	0.0	0.0028011204481792717		_
com.google.javascript.jscomp.PhaseOptimizer#?#PhaseOptimizer#?,AbstractCompiler,PerformanceTracker,ProgressRange#86	0.002793296089385475	0.0	0.002793296089385475		_
com.google.javascript.jscomp.PhaseOptimizer$ProgressRange#?#ProgressRange#?,double,double#414	0.002793296089385475	0.0	0.002793296089385475		_
com.google.javascript.jscomp.Compiler#boolean#precheck#?#752	0.002777777777777778	0.0	0.002777777777777778		_
com.google.javascript.jscomp.PassFactory#boolean#isOneTimePass#?#58	0.002777777777777778	0.0	0.002777777777777778		_
com.google.javascript.jscomp.CheckSideEffects#?#CheckSideEffects#?,AbstractCompiler,CheckLevel,boolean#59	0.0027548209366391185	0.0	0.0027548209366391185		_
com.google.javascript.jscomp.PhaseOptimizer#void#addOneTimePass#?,PassFactory#153	0.0027397260273972603	0.0	0.0027397260273972603		_
com.google.javascript.jscomp.VarCheck#?#VarCheck#?,AbstractCompiler#83	0.00273224043715847	0.0	0.00273224043715847		_
com.google.javascript.jscomp.DefaultPassConfig#State#getIntermediateState#?#148	0.0027247956403269754	0.0	0.0027247956403269754		_
com.google.javascript.jscomp.Compiler#Result#getResult#?#921	0.0027247956403269754	0.0	0.0027247956403269754		_
com.google.javascript.jscomp.Result#?#Result#?,JSError[],JSError[],String,VariableMap,VariableMap,VariableMap,VariableMap,FunctionInformationMap,SourceMap,String,Map<String,Integer>,String#58	0.0027247956403269754	0.0	0.0027247956403269754		_
com.google.javascript.jscomp.PassConfig$State#?#State#?,Map<String,Integer>,Set<String>,CrossModuleMethodMotion.IdGenerator,VariableMap,VariableMap,VariableMap,VariableMap,FunctionNames,String#303	0.0027247956403269754	0.0	0.0027247956403269754		_
com.google.javascript.jscomp.BasicErrorManager#void#generateReport#?#60	0.002717391304347826	0.0	0.002717391304347826		_
com.google.javascript.jscomp.Compiler#Result#compile#?#581	0.002717391304347826	0.0	0.002717391304347826		_
com.google.javascript.jscomp.Compiler#void#parse#?#708	0.0027100271002710027	0.0	0.0027100271002710027		_
com.google.javascript.jscomp.PhaseOptimizer#void#endPass#?,Node,Node#217	0.0026954177897574125	0.0	0.0026954177897574125		_
com.google.javascript.jscomp.Compiler#T#runInCompilerThread#?,Callable<T>#599	0.0026954177897574125	0.0	0.0026954177897574125		_
com.google.javascript.jscomp.PhaseOptimizer$PassFactoryDelegate#void#processInternal#?,Node,Node#296	0.0026954177897574125	0.0	0.0026954177897574125		_
com.google.javascript.jscomp.Compiler#PassConfig#createPassConfigInternal#?#723	0.0026954177897574125	0.0	0.0026954177897574125		_
com.google.javascript.jscomp.PhaseOptimizer#void#startPass#?,String#203	0.0026954177897574125	0.0	0.0026954177897574125		_
com.google.javascript.jscomp.PhaseOptimizer#boolean#hasHaltingErrors#?#237	0.0026954177897574125	0.0	0.0026954177897574125		_
com.google.javascript.jscomp.PhaseOptimizer$NamedPass#void#process#?,Node,Node#271	0.0026954177897574125	0.0	0.0026954177897574125		_
com.google.javascript.jscomp.PassFactory#String#getName#?#51	0.002688172043010753	0.0	0.002688172043010753		_
com.google.javascript.jscomp.PhaseOptimizer$PassFactoryDelegate#?#PassFactoryDelegate#?,AbstractCompiler,PassFactory#289	0.002688172043010753	0.0	0.002688172043010753		_
com.google.javascript.jscomp.PhaseOptimizer$NamedPass#?#NamedPass#?,String#266	0.002688172043010753	0.0	0.002688172043010753		_
com.google.javascript.jscomp.ProcessDefines$CollectDefines#Map<String,DefineInfo>#getAllDefines#?#272	0.002617801047120419	0.0	0.002617801047120419		_
com.google.javascript.jscomp.ProcessDefines$CollectDefines#boolean#shouldTraverse#?,NodeTraversal,Node,Node#283	0.002617801047120419	0.0	0.002617801047120419		_
com.google.javascript.jscomp.ProcessDefines#Map<String,DefineInfo>#collectDefines#?,Node,GlobalNamespace#175	0.002617801047120419	0.0	0.002617801047120419		_
com.google.javascript.jscomp.ProcessDefines$CollectDefines#void#updateAssignAllowedStack#?,Node,boolean#381	0.002617801047120419	0.0	0.002617801047120419		_
com.google.javascript.jscomp.ProcessDefines#?#ProcessDefines#?,AbstractCompiler,Map<String,Node>#101	0.002617801047120419	0.0	0.002617801047120419		_
com.google.javascript.jscomp.ProcessDefines$CollectDefines#?#CollectDefines#?,AbstractCompiler,List<Name>#239	0.002617801047120419	0.0	0.002617801047120419		_
com.google.javascript.jscomp.ProcessDefines#ProcessDefines#injectNamespace#?,GlobalNamespace#112	0.002617801047120419	0.0	0.002617801047120419		_
com.google.javascript.jscomp.SuppressDocWarningsGuard#CheckLevel#level#?,JSError#54	5.561735261401557E-4	0.00205761316872428	0.002611936893779712	!(node != null)	_
com.google.javascript.jscomp.DefaultPassConfig#?#DefaultPassConfig#?,CompilerOptions#143	0.0025575447570332483	0.0	0.0025575447570332483		_
com.google.javascript.jscomp.PassFactory#CompilerPass#create#?,AbstractCompiler#89	0.002551020408163265	0.0	0.002551020408163265		_
com.google.javascript.jscomp.PassConfig#?#PassConfig#?,CompilerOptions#56	0.002544529262086514	0.0	0.002544529262086514		_
com.google.javascript.jscomp.DefaultPassConfig$HotSwapPassFactory#?#HotSwapPassFactory#?,String,boolean#2283	0.002544529262086514	0.0	0.002544529262086514		_
com.google.javascript.rhino.Node#FileLevelJsDocBuilder#getJsDocBuilderForNode#?#1835	0.0025007814942169426	0.0	0.0025007814942169426		_
com.google.javascript.rhino.Node#JSDocInfo#getJSDocInfo#?#1869	0.002479466914613358	0.0	0.002479466914613358		_
com.google.javascript.jscomp.VarCheck#?#VarCheck#?,AbstractCompiler,boolean#90	0.0024509803921568627	0.0	0.0024509803921568627		_
com.google.javascript.jscomp.Compiler#CheckLevel#getErrorLevel#?,JSError#2000	0.0024509803921568627	0.0	0.0024509803921568627		_
com.google.javascript.rhino.Node#void#setInputId#?,InputId#1117	0.0024140012070006035	0.0	0.0024140012070006035		_
com.google.javascript.rhino.InputId#?#InputId#?,String#52	0.0024092757114892336	0.0	0.0024092757114892336		_
com.google.javascript.rhino.Node#StaticSourceFile#getStaticSourceFile#?#1110	0.0024013207263995197	0.0	0.0024013207263995197		_
com.google.javascript.rhino.Node$ObjectPropListItem#Object#getObjectValue#?#315	0.002398081534772182	0.0	0.002398081534772182		_
com.google.javascript.rhino.Node#PropListItem#createProp#?,int,Object,PropListItem#870	0.002362669816893089	0.0	0.002362669816893089		_
com.google.javascript.rhino.Node$ObjectPropListItem#?#ObjectPropListItem#?,int,Object,PropListItem#305	0.002362669816893089	0.0	0.002362669816893089		_
com.google.javascript.rhino.Node#void#setStaticSourceFile#?,StaticSourceFile#1095	0.00235640648011782	0.0	0.00235640648011782		_
com.google.javascript.jscomp.parsing.Config#?#Config#?,Set<String>,Set<String>,boolean,LanguageMode,boolean#80	0.002352941176470588	0.0	0.002352941176470588		_
com.google.javascript.rhino.Node$AbstractPropListItem#PropListItem#getNext#?#289	0.0023450095266012018	0.0	0.0023450095266012018		_
com.google.javascript.rhino.Node$AbstractPropListItem#int#getType#?#284	0.002333381945457197	0.0	0.002333381945457197		_
com.google.javascript.rhino.Node$AbstractPropListItem#?#AbstractPropListItem#?,int,PropListItem#278	0.002330662782228696	0.0	0.002330662782228696		_
com.google.javascript.rhino.Node#PropListItem#lookupProperty#?,int#764	0.002325919465038523	0.0	0.002325919465038523		_
com.google.javascript.rhino.Node#?#Node#?,int#362	0.002294564749749032	0.0	0.002294564749749032		_
com.google.javascript.jscomp.Tracer#ThreadTrace#getThreadTrace#?#960	0.0020161290322580645	0.0020161290322580645	0.0022753306911486816	t == null	_
com.google.javascript.jscomp.JSError#JSError#make#?,String,int,int,DiagnosticType,String#88	0.002150537634408602	0.0	0.002150537634408602		_
com.google.javascript.jscomp.Normalize$PropagateConstantAnnotationsOverVars#void#visit#?,NodeTraversal,Node,Node#241	0.001375515818431912	0.001375515818431912	0.0019947108648715405	n.getString().isEmpty()	_
com.google.javascript.jscomp.Compiler#void#initOptions#?,CompilerOptions#261	9.950248756218905E-4	9.950248756218905E-4	0.0019602758408728558	!options.checkTypes	_
com.google.javascript.rhino.JSDocInfo#void#setNoSideEffects#?,boolean#406	0.001941747572815534	0.0	0.001941747572815534		_
com.google.javascript.rhino.JSDocInfoBuilder#boolean#hasAnySingletonSideEffectTags#?#991	0.0019083969465648854	0.0	0.0019083969465648854		_
com.google.javascript.rhino.JSDocInfo#boolean#hasModifies#?#1491	0.0019083969465648854	0.0	0.0019083969465648854		_
com.google.javascript.rhino.JSDocInfo#boolean#isNoSideEffects#?#563	0.0018975332068311196	0.0	0.0018975332068311196		_
com.google.javascript.jscomp.DiagnosticGroup#DiagnosticGroup#forType#?,DiagnosticType#71	9.140767824497258E-4	9.416195856873823E-4	0.001855696368137108	!(!singletons.containsKey(type))	_
com.google.javascript.jscomp.DiagnosticGroup#boolean#isSubGroup#?,DiagnosticGroup#118	8.976660682226212E-4	8.976660682226212E-4	0.0017953321364452424	!matches(type)	_
com.google.javascript.jscomp.GoogleCodingConvention#boolean#isConstantKey#?,String#91	0.0010940919037199124	0.0010940919037199124	0.001762541101580875	!(name.isEmpty() || !Character.isUpperCase(name.charAt(0)))	_
com.google.javascript.jscomp.parsing.JsDocTokenStream#void#ungetCharIgnoreLineEnd#?,int#440	0.0016194331983805667	0.0	0.0016194331983805667		_
com.google.javascript.jscomp.NodeUtil#JSDocInfo#getFunctionJSDocInfo#?,Node#2821	9.49667616334283E-4	9.49667616334283E-4	0.001576626863983186	parent.isName()	_
com.google.javascript.jscomp.GlobalNamespace#Map<String,Name>#getNameIndex#?#162	0.0015698587127158557	0.0	0.0015698587127158557		_
com.google.javascript.jscomp.GlobalNamespace#?#GlobalNamespace#?,AbstractCompiler,Node#79	0.001557632398753894	0.0	0.001557632398753894		_
com.google.javascript.jscomp.NodeUtil#boolean#isConstantByConvention#?,CodingConvention,Node,Node#2799	9.31098696461825E-4	9.31098696461825E-4	0.0015356936178644851	parent.isGetProp() && node == parent.getLastChild()	_
com.google.javascript.jscomp.MakeDeclaredNamesUnique#void#findDeclaredNames#?,Node,Node,Renamer#220	9.216589861751152E-4	9.216589861751152E-4	0.0015186739115482495	NodeUtil.isFunctionDeclaration(n)	_
com.google.javascript.jscomp.Normalize$NormalizeStatements#void#normalizeFunctionDeclaration#?,Node#456	7.434944237918215E-4	7.434944237918215E-4	0.001486988847583643	!(!NodeUtil.isFunctionExpression(n) && !NodeUtil.isHoistedFunctionDeclaration(n))	_
com.google.javascript.jscomp.GlobalNamespace$BuildGlobalNamespace#?#BuildGlobalNamespace#?,Predicate<Node>#289	0.0014858841010401188	0.0	0.0014858841010401188		_
com.google.javascript.jscomp.GlobalNamespace$BuildGlobalNamespace#boolean#shouldTraverse#?,NodeTraversal,Node,Node#298	0.0014858841010401188	0.0	0.0014858841010401188		_
com.google.javascript.jscomp.GlobalNamespace$BuildGlobalNamespace#?#BuildGlobalNamespace#?#281	0.0014858841010401188	0.0	0.0014858841010401188		_
com.google.javascript.jscomp.GlobalNamespace#?#GlobalNamespace#?,AbstractCompiler,Node,Node#96	0.0014858841010401188	0.0	0.0014858841010401188		_
com.google.javascript.jscomp.MakeDeclaredNamesUnique#boolean#shouldTraverse#?,NodeTraversal,Node,Node#117	7.336757153338225E-4	7.423904974016332E-4	0.0014760662127354558	!(name != null && !name.isEmpty() && parent != null && !NodeUtil.isFunctionDeclaration(n))	_
com.google.javascript.jscomp.NodeUtil#boolean#isSimpleOperatorType#?,int#739	0.0014285714285714286	0.0	0.0014285714285714286		_
com.google.javascript.jscomp.GoogleCodingConvention#boolean#isConstant#?,String#79	6.949270326615705E-4	7.097232079489E-4	0.0014012861401757326	!(pos >= 0)	_
com.google.javascript.jscomp.Normalize$NormalizeStatements#void#doStatementNormalizations#?,NodeTraversal,Node,Node#516	7.434944237918215E-4	7.434944237918215E-4	0.0013473591580913384	n.isFunction()	_
com.google.javascript.jscomp.Normalize$NormalizeStatements#void#splitVarDeclarations#?,Node#621	6.720430107526882E-4	6.720430107526882E-4	0.0013440860215053765	!(assertOnChange && !c.hasChildren())	_
com.google.javascript.jscomp.MakeDeclaredNamesUnique#void#exitScope#?,NodeTraversal#100	7.336757153338225E-4	7.336757153338225E-4	0.001330690640706957	!t.inGlobalScope()	_
com.google.javascript.jscomp.MakeDeclaredNamesUnique#void#enterScope#?,NodeTraversal#79	7.336757153338225E-4	7.336757153338225E-4	0.001330690640706957	!(nameStack.isEmpty())	_
com.google.javascript.jscomp.Normalize#void#process#?,Node,Node#150	6.191950464396285E-4	6.195786864931846E-4	0.0012383905676813035	!(!findExposeAnnotations.exposedProperties.isEmpty())	_
com.google.javascript.jscomp.Normalize$FindExposeAnnotations#void#visit#?,NodeTraversal,Node,Node#174	6.188118811881188E-4	6.188118811881188E-4	0.0012376237623762376	!(NodeUtil.isObjectLitKey(n,parent) && n.isString() && isMarkedExpose(n))	_
com.google.javascript.jscomp.Normalize$NormalizeStatements#void#annotateConstantsByConvention#?,Node,Node#431	6.045949214026602E-4	6.108735491753207E-4	0.001215468470577981	!(!isMarkedConstant && NodeUtil.isConstantByConvention(compiler.getCodingConvention(),n,parent))	_
com.google.javascript.jscomp.Normalize$NormalizeStatements#void#visit#?,NodeTraversal,Node,Node#405	7.434944237918215E-4	6.045949214026602E-4	0.0012091898428053204	!compiler.getLifeCycleStage().isNormalizedObfuscated()	_
com.google.javascript.jscomp.MakeDeclaredNamesUnique#void#visit#?,NodeTraversal,Node,Node#163	7.336757153338225E-4	5.977286312014345E-4	0.001195100196314935	!(newName != null)	_
com.google.javascript.jscomp.MakeDeclaredNamesUnique#String#getReplacementName#?,String#201	5.977286312014345E-4	5.977286312014345E-4	0.001195100196314935	!(newName != null)	_
com.google.javascript.jscomp.ComposeWarningsGuard#CheckLevel#level#?,JSError#114	5.837711617046118E-4	5.561735261401557E-4	0.0011098833821755931	!(newLevel != null)	_
com.google.javascript.jscomp.Compiler#Config#getParserConfig#?#1941	0.0011098779134295228	1.7806267806267807E-4	0.0011098779134295228		_
com.google.javascript.jscomp.NodeTraversal#Compiler#getCompiler#?#401	0.0010787486515641855	0.0	0.0010787486515641855		_
com.google.javascript.jscomp.DiagnosticGroupWarningsGuard#boolean#enables#?,DiagnosticGroup#50	3.4340659340659343E-4	8.976660682226212E-4	0.001062982649475721	!(level.isOn())	_
com.google.javascript.jscomp.SyntacticScopeCreator#void#scanVars#?,Node,Node#137	5.205622071837585E-4	5.205622071837585E-4	0.001041124414367517	!(NodeUtil.isFunctionExpression(n))	_
com.google.javascript.jscomp.parsing.IRFactory#?#IRFactory#?,String,StaticSourceFile,Config,ErrorReporter#144	9.784735812133072E-4	0.0	9.784735812133072E-4		_
com.google.javascript.jscomp.parsing.JsDocInfoParser#void#skipEOLs#?#2296	4.868549172346641E-4	4.868549172346641E-4	9.718209696109978E-4	match(JsDocToken.STAR)	_
com.google.javascript.jscomp.CompilerOptions#boolean#disables#?,DiagnosticGroup#1035	9.140767824497258E-4	0.0	9.140767824497258E-4		_
com.google.javascript.jscomp.AstValidator#void#validateVar#?,Node#398	4.139072847682119E-4	5.649717514124294E-4	9.121939736346516E-4	!(c.hasChildren())	_
com.google.javascript.rhino.JSDocInfoBuilder#boolean#recordReturnType#?,JSTypeExpression#482	4.464285714285714E-4	4.464285714285714E-4	8.924589014910157E-4	jsType != null && currentInfo.getReturnType() == null && !hasAnySingletonTypeTags()	_
com.google.javascript.jscomp.NodeUtil#boolean#mayHaveSideEffects#?,Node,AbstractCompiler#775	8.873114463176575E-4	0.0	8.873114463176575E-4		_
com.google.javascript.jscomp.SyntacticScopeCreator#void#scanRoot#?,Node,Scope#100	4.3122035360068997E-4	4.3591979075850045E-4	8.671401443591904E-4	!(!fnName.isEmpty() && NodeUtil.isFunctionExpression(n))	_
com.google.javascript.rhino.JSDocInfo#JSTypeExpression#getType#?,int#1102	4.4306601683650863E-4	4.4306601683650863E-4	8.394195642007576E-4	!((MASK_TYPEFIELD & bitset) == typefield)	_
com.google.javascript.rhino.JSDocInfoBuilder#boolean#recordType#?,JSTypeExpression#435	4.127115146512588E-4	4.127115146512588E-4	8.245731291487877E-4	type != null && !hasAnyTypeRelatedTags()	_
com.google.javascript.rhino.JSDocInfo#int#getExtendedInterfacesCount#?#1298	4.0096230954290296E-4	4.0096230954290296E-4	8.014428862349334E-4	info == null || info.extendedInterfaces == null	_
com.google.javascript.jscomp.parsing.JsDocInfoParser#Node#parseTypeExpressionAnnotation#?,JsDocToken#1536	3.9603960396039607E-4	3.9603960396039607E-4	7.911403546518223E-4	!(!match(JsDocToken.RC))	_
com.google.javascript.jscomp.parsing.JsDocInfoParser#boolean#lookAheadForTypeAnnotation#?#2340	3.968253968253968E-4	3.968253968253968E-4	7.856278851613222E-4	c == '{'	_
com.google.javascript.rhino.JSDocInfo#void#setType#?,JSTypeExpression,int#1018	3.866976024748647E-4	3.866976024748647E-4	7.733952049497294E-4	!((bitset & MASK_TYPEFIELD) != 0)	_
com.google.javascript.jscomp.SyntacticScopeCreator#Scope#createScope#?,Node,Scope#70	4.3706293706293706E-4	4.3706293706293706E-4	7.716229905925456E-4	!(parent == null)	_
com.google.javascript.jscomp.parsing.JsDocInfoParser#Node#parseAndRecordTypeNode#?,JsDocToken,int,int,boolean,boolean#1148	3.853564547206166E-4	3.853564547206166E-4	7.586300642764209E-4	!(onlyParseSimpleNames)	_
com.google.javascript.jscomp.parsing.JsDocInfoParser#Node#parseTopLevelTypeExpression#?,JsDocToken#1627	3.76081233546446E-4	3.786444528587656E-4	7.527559380813619E-4	!(match(JsDocToken.PIPE))	_
com.google.javascript.rhino.JSDocInfo#int#getParameterCount#?#995	3.757985719654265E-4	3.757985719654265E-4	7.468560858800833E-4	info == null || info.parameters == null	_
com.google.javascript.jscomp.parsing.JsDocInfoParser#Node#parseBasicTypeExpression#?,JsDocToken#1736	3.727171077152441E-4	3.727171077152441E-4	7.447409172390536E-4	!("null".equals(string) || "undefined".equals(string))	_
com.google.javascript.jscomp.parsing.JsDocInfoParser#Node#parseTypeExpression#?,JsDocToken#1705	3.720238095238095E-4	3.721622627465575E-4	7.44186072270367E-4	!(match(JsDocToken.BANG))	_
com.google.javascript.jscomp.Normalize$NormalizeStatements#void#moveNamedFunctions#?,Node#644	7.434944237918215E-4	0.0	7.434944237918215E-4		_
com.google.javascript.jscomp.MakeDeclaredNamesUnique$ContextualRenamer#?#ContextualRenamer#?,Multiset<String>#446	7.385524372230429E-4	0.0	7.385524372230429E-4		_
com.google.javascript.jscomp.MakeDeclaredNamesUnique$ContextualRenamer#Renamer#forChildScope#?#455	7.385524372230429E-4	0.0	7.385524372230429E-4		_
com.google.javascript.rhino.JSDocInfoBuilder#void#markTypeNode#?,Node,int,int,int,int,boolean#183	3.599712023038157E-4	3.766478342749529E-4	7.366190365787686E-4	!(currentMarker != null)	_
com.google.javascript.rhino.JSDocInfoBuilder#boolean#recordConstructor#?#702	3.661662394727206E-4	3.661662394727206E-4	7.319306871684046E-4	!hasAnySingletonTypeTags() && !currentInfo.isConstructor() && !currentInfo.isInterface()	_
com.google.javascript.jscomp.parsing.JsDocInfoParser#Node#parseTypeName#?,JsDocToken#1771	3.616636528028933E-4	3.61794500723589E-4	7.234581535264823E-4	!(match(JsDocToken.LT))	_
com.google.javascript.rhino.Node$StringNode#?#StringNode#?,int,String,int,int#206	3.5714285714285714E-4	3.5714285714285714E-4	7.142857142857143E-4	!(null == str)	_
com.google.javascript.jscomp.Scope#?#Scope#?,Scope,Node#397	4.675081813931744E-4	4.675081813931744E-4	6.978698492116494E-4	!(nodeType != null && nodeType.isFunctionType())	_
com.google.javascript.jscomp.parsing.JsDocInfoParser#JsDocToken#eatTokensUntilEOL#?,JsDocToken#2226	4.098360655737705E-4	4.098360655737705E-4	6.962049086436444E-4	!(token == JsDocToken.EOL || token == JsDocToken.EOC || token == JsDocToken.EOF)	_
com.google.javascript.jscomp.SyntacticScopeCreator#void#declareVar#?,Node#238	3.479471120389701E-4	3.479471120389701E-4	6.958942240779402E-4	!(scope.isDeclared(name,false) || (scope.isLocal() && name.equals(ARGUMENTS)))	_
com.google.javascript.jscomp.ComposeWarningsGuard#boolean#enables#?,DiagnosticGroup#153	3.589375448671931E-4	3.4211426616489907E-4	6.842285323297981E-4	!(guard.disables(group))	_
com.google.javascript.jscomp.parsing.IRFactory$TransformDispatcher#Node#processVariableInitializer#?,VariableInitializer#1066	2.6041666666666666E-4	4.578754578754579E-4	6.775108631027805E-4	!(initializerNode.getInitializer() != null)	_
com.google.javascript.jscomp.AstValidator#void#validateMaximumChildCount#?,Node,int#809	3.2615786040443573E-4	3.2615786040443573E-4	6.456466782958095E-4	i == 1	_
com.google.javascript.rhino.JSDocInfo#void#setFlag#?,boolean,int#422	3.169572107765452E-4	3.169572107765452E-4	6.339144215530904E-4	value	_
com.google.javascript.jscomp.Normalize$PropagateConstantAnnotationsOverVars#?#PropagateConstantAnnotationsOverVars#?,AbstractCompiler,boolean#229	6.188118811881188E-4	0.0	6.188118811881188E-4		_
com.google.javascript.jscomp.Normalize$PropagateConstantAnnotationsOverVars#void#process#?,Node,Node#234	6.188118811881188E-4	0.0	6.188118811881188E-4		_
com.google.javascript.jscomp.Normalize$ScopeTicklingCallback#void#enterScope#?,NodeTraversal#824	6.188118811881188E-4	0.0	6.188118811881188E-4		_
com.google.javascript.jscomp.Normalize$ScopeTicklingCallback#boolean#shouldTraverse#?,NodeTraversal,Node,Node#835	6.188118811881188E-4	0.0	6.188118811881188E-4		_
com.google.javascript.jscomp.SyntacticScopeCreator#?#SyntacticScopeCreator#?,AbstractCompiler,RedeclarationHandler#63	6.188118811881188E-4	0.0	6.188118811881188E-4		_
com.google.javascript.jscomp.Normalize#void#removeDuplicateDeclarations#?,Node,Node#697	6.188118811881188E-4	0.0	6.188118811881188E-4		_
com.google.javascript.jscomp.Normalize#?#Normalize#?,AbstractCompiler,boolean#81	6.184291898577613E-4	0.0	6.184291898577613E-4		_
com.google.javascript.jscomp.parsing.IRFactory#boolean#handlePossibleFileOverviewJsDoc#?,JsDocInfoParser#247	3.0873726458783575E-4	3.0873726458783575E-4	6.172840094196778E-4	!(jsDocParser.getFileOverviewJSDocInfo() != fileOverviewInfo)	_
com.google.javascript.jscomp.parsing.IRFactory#JSDocInfo#handleJsDoc#?,AstNode,Node#265	3.0873726458783575E-4	3.0873726458783575E-4	6.172840094196778E-4	!handlePossibleFileOverviewJsDoc(jsDocParser)	_
com.google.javascript.jscomp.AbstractCompiler#void#setLifeCycleStage#?,LifeCycleStage#242	6.127450980392157E-4	0.0	6.127450980392157E-4		_
com.google.javascript.jscomp.MakeDeclaredNamesUnique$ContextualRenamer#void#reserveName#?,String#493	6.127450980392157E-4	0.0	6.127450980392157E-4		_
com.google.javascript.jscomp.AstValidator#void#validateExpression#?,Node#268	6.127450980392157E-4	0.0	6.127450980392157E-4		_
com.google.javascript.jscomp.AbstractCompiler$LifeCycleStage#boolean#isNormalizedObfuscated#?#289	6.045949214026602E-4	0.0	6.045949214026602E-4		_
com.google.javascript.jscomp.NodeTraversal#void#traverseRoots#?,Node#285	6.045949214026602E-4	0.0	6.045949214026602E-4		_
com.google.javascript.jscomp.Normalize$NormalizeStatements#void#extractForInitializer#?,Node,Node,Node#566	6.038647342995169E-4	0.0	6.038647342995169E-4		_
com.google.javascript.jscomp.Normalize$NormalizeStatements#?#NormalizeStatements#?,AbstractCompiler,boolean#363	6.038647342995169E-4	0.0	6.038647342995169E-4		_
com.google.javascript.jscomp.Normalize$NormalizeStatements#boolean#shouldTraverse#?,NodeTraversal,Node,Node#377	6.038647342995169E-4	0.0	6.038647342995169E-4		_
com.google.javascript.jscomp.MakeDeclaredNamesUnique#?#MakeDeclaredNamesUnique#?#64	6.038647342995169E-4	0.0	6.038647342995169E-4		_
com.google.javascript.jscomp.MakeDeclaredNamesUnique$ContextualRenamer#String#getReplacementName#?,String#482	6.038647342995169E-4	0.0	6.038647342995169E-4		_
com.google.javascript.jscomp.MakeDeclaredNamesUnique$ContextualRenamer#?#ContextualRenamer#?#439	6.035003017501509E-4	0.0	6.035003017501509E-4		_
com.google.javascript.jscomp.AstValidator#void#validateOptionalName#?,Node#346	5.973715651135006E-4	0.0	5.973715651135006E-4		_
com.google.javascript.jscomp.AstValidator#void#validateFunctionExpression#?,Node#359	5.973715651135006E-4	0.0	5.973715651135006E-4		_
com.google.javascript.jscomp.MakeDeclaredNamesUnique#?#MakeDeclaredNamesUnique#?,Renamer#68	5.970149253731343E-4	0.0	5.970149253731343E-4		_
com.google.javascript.jscomp.AstValidator#void#validateMinimumChildCount#?,Node,int#792	2.9507229271171436E-4	2.9507229271171436E-4	5.878123395501218E-4	i == 1	_
com.google.javascript.jscomp.AstValidator#void#validateChildCount#?,Node,int#778	3.022061045633122E-4	3.022061045633122E-4	5.792911696783024E-4	i == 1	_
com.google.javascript.jscomp.Scope$Var#JSDocInfo#getJSDocInfo#?#273	5.773672055427252E-4	0.0	5.773672055427252E-4		_
com.google.javascript.jscomp.AbstractCompiler$LifeCycleStage#boolean#isNormalized#?#281	5.763688760806917E-4	0.0	5.763688760806917E-4		_
com.google.javascript.rhino.Node#NodeMismatch#checkTreeEqualsImpl#?,Node#1458	2.843332385555871E-4	2.844141069397042E-4	5.687473454952913E-4	!(res != null)	_
com.google.javascript.rhino.Node#String#checkTreeEquals#?,Node#1429	2.840909090909091E-4	2.840909090909091E-4	5.681011334589864E-4	!(diff != null)	_
com.google.javascript.rhino.Node#boolean#isEquivalentTo#?,Node,boolean,boolean#1543	2.808988764044944E-4	2.8392958546280523E-4	5.648284618672997E-4	!(recurse)	_
com.google.javascript.jscomp.AbstractCompiler#LifeCycleStage#getLifeCycleStage#?#177	5.636978579481398E-4	0.0	5.636978579481398E-4		_
com.google.javascript.jscomp.DiagnosticGroup#boolean#matches#?,JSError#103	5.605381165919282E-4	0.0	5.605381165919282E-4		_
com.google.javascript.jscomp.DiagnosticGroupWarningsGuard#CheckLevel#level#?,JSError#40	5.605381165919282E-4	0.0	5.605381165919282E-4		_
com.google.javascript.jscomp.JSError#DiagnosticType#getType#?#169	5.605381165919282E-4	0.0	5.605381165919282E-4		_
com.google.javascript.jscomp.AstValidator#void#validateNonEmptyString#?,Node#327	2.802690582959641E-4	2.802690582959641E-4	5.605381165919282E-4	!(n.getString().isEmpty())	_
com.google.javascript.jscomp.AstValidator#void#validateNonNullString#?,Node#333	2.8011204481792715E-4	2.8011204481792715E-4	5.602240896358543E-4	!(n.getString() == null)	_
com.google.javascript.jscomp.CodeGenerator#void#add#?,Node,Context#384	2.73972602739726E-4	2.842524161455372E-4	5.582250188852632E-4	!(preferLineBreaks)	_
com.google.javascript.jscomp.AstValidator#void#validateHasInputId#?,Node#307	2.767017155506364E-4	2.7693159789531985E-4	5.536333134459562E-4	!(inputId == null)	_
com.google.javascript.jscomp.AstValidator#void#validateHasSourceName#?,Node#300	2.767017155506364E-4	2.7693159789531985E-4	5.536333134459562E-4	!(sourceName == null || sourceName.isEmpty())	_
com.google.javascript.jscomp.AstValidator#void#validateIsSynthetic#?,Node#293	2.767017155506364E-4	2.7693159789531985E-4	5.536333134459562E-4	!(!n.getBooleanProp(Node.SYNTHETIC_BLOCK_PROP))	_
com.google.javascript.jscomp.AstValidator#void#validateNodeType#?,int,Node#767	2.767017155506364E-4	2.767783005812344E-4	5.534800161318709E-4	!(n.getType() != type)	_
com.google.javascript.rhino.JSDocInfoBuilder#void#populateDefaults#?,JSDocInfo#139	2.771618625277162E-4	2.771618625277162E-4	5.532524202306428E-4	info.getVisibility() == null	_
com.google.javascript.jscomp.parsing.IRFactory$TransformDispatcher#Node#processFunctionNode#?,FunctionNode#622	2.765486725663717E-4	2.765486725663717E-4	5.530973451327434E-4	!(functionType != FunctionNode.FUNCTION_EXPRESSION)	_
com.google.javascript.jscomp.CodePrinter$CompactCodePrinter#void#endFile#?#516	2.7624309392265195E-4	2.7624309392265195E-4	5.524861878453039E-4	!preferLineBreakAtEndOfFile	_
com.google.javascript.jscomp.CodePrinter#String#toSource#?,Node,Format,boolean,boolean,int,SourceMap,SourceMap.DetailLevel,Charset,boolean#715	2.7285129604365623E-4	2.767017155506364E-4	5.495530115942926E-4	!(createSourceMap)	_
com.google.javascript.jscomp.CodePrinter$MappedCodePrinter#void#endSourceMapping#?,Node#114	2.7285129604365623E-4	2.7616680475006904E-4	5.490181007937252E-4	!(createSrcMap && !mappings.isEmpty() && mappings.peek().node == node)	_
com.google.javascript.jscomp.CodePrinter$MappedCodePrinter#void#startSourceMapping#?,Node#93	2.7285129604365623E-4	2.7616680475006904E-4	5.490181007937252E-4	!(createSrcMap && node.getSourceFileName() != null && node.getLineno() > 0 && sourceMapDetailLevel.apply(node))	_
com.google.javascript.jscomp.JSError#?#JSError#?,String,Node,int,int,DiagnosticType,CheckLevel,String#145	5.47945205479452E-4	0.0	5.47945205479452E-4		_
com.google.javascript.jscomp.CodePrinter$Builder#String#build#?#658	2.7285129604365623E-4	2.7285129604365623E-4	5.457025920873125E-4	!(root == null)	_
com.google.javascript.jscomp.CodeGenerator#?#CodeGenerator#?,CodeConsumer,Charset#51	2.7285129604365623E-4	2.7285129604365623E-4	5.457025920873125E-4	outputCharset == null || outputCharset == Charsets.US_ASCII	_
com.google.javascript.jscomp.Compiler#Tracer#newTracer#?,String#903	2.6014568158168577E-4	2.6014568158168577E-4	5.202913631633715E-4	!(options.tracer.isOn())	_
com.google.javascript.jscomp.Compiler#void#stopTracer#?,Tracer,String#911	2.6014568158168577E-4	2.6014568158168577E-4	5.202913631633715E-4	!(options.tracer.isOn())	_
com.google.javascript.jscomp.Tracer#long#stop#?,int#412	2.592016588906169E-4	2.592016588906169E-4	5.184033177812338E-4	!trace.isInitialized()	_
com.google.javascript.jscomp.Tracer#?#Tracer#?,String,String#253	2.592016588906169E-4	2.592016588906169E-4	5.184033177812338E-4	!trace.isInitialized()	_
com.google.javascript.jscomp.NodeUtil#boolean#isExprAssign#?,Node#1542	5.159958720330237E-4	0.0	5.159958720330237E-4		_
com.google.javascript.jscomp.parsing.IRFactory#int#position2charno#?,int#368	3.5932446999640676E-4	3.5932446999640676E-4	5.155988878742002E-4	!(lineIndex == -1)	_
com.google.javascript.rhino.jstype.JSTypeRegistry#FunctionType#createFunctionType#?,JSType,boolean,JSType#1238	2.5746652935118434E-4	2.5746652935118434E-4	5.147343451474282E-4	lastVarArgs	_
com.google.javascript.rhino.jstype.JSTypeRegistry#Node#createParameters#?,boolean,JSType#1220	2.5660764690787786E-4	2.5660764690787786E-4	5.119702618210546E-4	!(lastVarArgs && i == max)	_
com.google.javascript.rhino.Node#boolean#isLabel#?#2287	5.01002004008016E-4	0.0	5.01002004008016E-4		_
com.google.javascript.jscomp.Compiler#void#initCompilerOptionsIfTesting#?#1477	2.3986567522187575E-4	2.586652871184687E-4	4.985309623403444E-4	!(options == null)	_
com.google.javascript.rhino.jstype.FunctionType#void#setPrototypeBasedOn#?,ObjectType,Node#359	2.463661000246366E-4	2.463661000246366E-4	4.918251083702429E-4	baseType.hasReferenceName() || isNativeObjectType() || baseType.isFunctionPrototypeType()	_
com.google.javascript.jscomp.NodeUtil#JSDocInfo#getBestJSDocInfo#?,Node#3019	2.7166530834012495E-4	2.7166530834012495E-4	4.8447654477340864E-4	parent.isVar() && parent.hasOneChild()	_
com.google.javascript.jscomp.NodeUtil#boolean#isVarDeclaration#?,Node#1515	4.786979415988511E-4	0.0	4.786979415988511E-4		_
com.google.javascript.jscomp.parsing.IRFactory#Node#transform#?,AstNode#275	3.109452736318408E-4	3.109452736318408E-4	4.672196915096342E-4	jsDocInfo != null	_
com.google.javascript.jscomp.NodeTraversal#void#traverseRoots#?,List<Node>#289	2.3326335432703523E-4	2.3315458148752622E-4	4.6630916297505244E-4	!(roots.isEmpty())	_
com.google.javascript.rhino.jstype.InstanceObjectType#String#toStringHelper#?,boolean#97	2.317497103128621E-4	2.317497103128621E-4	4.634994206257242E-4	constructor.hasReferenceName()	_
com.google.javascript.jscomp.NodeTraversal#void#traverseFunction#?,Node,Node#527	2.707092582566324E-4	2.707092582566324E-4	4.6309094352019534E-4	isFunctionExpression	_
com.google.javascript.jscomp.NodeTraversal#Node#getScopeRoot#?#624	2.3651844843897824E-4	2.3651844843897824E-4	4.629677238012971E-4	!(scopeRoots.isEmpty())	_
com.google.javascript.jscomp.AstValidator#void#validateStatement#?,Node#103	4.6061722708429296E-4	0.0	4.6061722708429296E-4		_
com.google.javascript.jscomp.AstValidator#void#validateFunctionStatement#?,Node#354	4.6061722708429296E-4	0.0	4.6061722708429296E-4		_
com.google.javascript.jscomp.parsing.IRFactory$TransformDispatcher#Node#processAssignment#?,Assignment#432	2.3020257826887662E-4	2.3025558369790466E-4	4.604581619667813E-4	!(!validAssignmentTarget(target))	_
com.google.javascript.jscomp.parsing.IRFactory#Node#transformNameAsString#?,Name#285	2.2619316896629722E-4	2.2675736961451248E-4	4.529505385808097E-4	!(jsDocInfo != null)	_
com.google.javascript.jscomp.parsing.IRFactory$TransformDispatcher#Node#transformAsString#?,AstNode#401	2.2619316896629722E-4	2.2619316896629722E-4	4.510133128511893E-4	n instanceof Name	_
com.google.javascript.jscomp.AstValidator#void#validateAssignmentExpression#?,Node#601	4.492362982929021E-4	0.0	4.492362982929021E-4		_
com.google.javascript.jscomp.AstValidator#void#validateGetProp#?,Node#622	4.492362982929021E-4	0.0	4.492362982929021E-4		_
com.google.javascript.jscomp.AstValidator#void#validateAssignmentTarget#?,Node#611	4.4583147570218456E-4	0.0	4.4583147570218456E-4		_
com.google.javascript.rhino.JSDocInfo#void#setReturnType#?,JSTypeExpression#1006	4.4543429844097997E-4	0.0	4.4543429844097997E-4		_
com.google.javascript.rhino.JSDocInfo#JSTypeExpression#getReturnType#?#1084	4.4306601683650863E-4	0.0	4.4306601683650863E-4		_
com.google.javascript.jscomp.DiagnosticType#int#hashCode#?#121	4.411116012351125E-4	0.0	4.411116012351125E-4		_
com.google.javascript.jscomp.parsing.IRFactory$TransformDispatcher#Node#processVariableDeclaration#?,VariableDeclaration#1051	2.1963540522732265E-4	2.196836555360281E-4	4.3931906076335076E-4	!(!config.acceptConstKeyword && declarationNode.getType() == com.google.javascript.rhino.head.Token.CONST)	_
com.google.javascript.jscomp.parsing.TypeSafeDispatcher#T#process#?,AstNode#271	2.3030861354214648E-4	2.1963540522732265E-4	4.392708104546453E-4	node instanceof VariableInitializer	_
com.google.javascript.rhino.jstype.FunctionParamBuilder#boolean#addVarArgs#?,JSType#104	1.787629603146228E-4	2.577319587628866E-4	4.364949190775094E-4	!(!type.isEmptyType())	_
com.google.javascript.jscomp.Compiler#JSTypeRegistry#getTypeRegistry#?#1140	2.587991718426501E-4	2.587991718426501E-4	4.309162114295692E-4	typeRegistry == null	_
com.google.javascript.rhino.jstype.FunctionType#boolean#setPrototype#?,ObjectType,Node#399	1.7135023989033586E-4	2.552974214960429E-4	4.2658895969405593E-4	!(superClass != null)	_
com.google.javascript.rhino.Node#int#mergeLineCharNo#?,int,int#1196	2.7442371020856203E-4	2.7442371020856203E-4	4.2428134545507783E-4	lineno < 0 || charno < 0	_
com.google.javascript.jscomp.Scope#Var#getVar#?,String#541	2.1362956633198035E-4	2.1362956633198035E-4	4.2384608935068963E-4	var != null	_
com.google.javascript.jscomp.JsAst#Node#getAstRoot#?,AbstractCompiler#51	1.5941335883947074E-4	2.6041666666666666E-4	4.198300255061374E-4	!(root == null)	_
com.google.javascript.rhino.jstype.FunctionType#void#addSubType#?,FunctionType#1051	2.4588148512417015E-4	2.4588148512417015E-4	4.17231725014506E-4	subTypes == null	_
com.google.javascript.jscomp.NodeTraversal#Scope#getScope#?#597	2.126754572522331E-4	2.126754572522331E-4	4.141664909012357E-4	scopeRoots.isEmpty()	_
com.google.javascript.rhino.JSDocInfo#boolean#isJavaDispatch#?#579	4.139072847682119E-4	0.0	4.139072847682119E-4		_
com.google.javascript.rhino.JSDocInfo#void#setType#?,JSTypeExpression#1002	4.1186161449752884E-4	0.0	4.1186161449752884E-4		_
com.google.javascript.jscomp.Scope#boolean#isDeclared#?,String,boolean#568	2.039983680130559E-4	2.039983680130559E-4	4.079967360261118E-4	!(scope.parent != null && recurse)	_
com.google.javascript.rhino.JSDocInfo#String#getLendsName#?#1184	4.0096230954290296E-4	0.0	4.0096230954290296E-4		_
com.google.javascript.rhino.JSDocInfoBuilder#boolean#hasAnyTypeRelatedTags#?#963	4.0048057669203043E-4	0.0	4.0048057669203043E-4		_
com.google.javascript.rhino.Node#boolean#isEmpty#?#2235	3.9872408293460925E-4	0.0	3.9872408293460925E-4		_
com.google.javascript.jscomp.parsing.JsDocInfoParser#Node#parseAndRecordTypeNode#?,JsDocToken,boolean#1081	3.853564547206166E-4	0.0	3.853564547206166E-4		_
com.google.javascript.jscomp.parsing.JsDocInfoParser#Node#parseAndRecordTypeNode#?,JsDocToken#1069	3.853564547206166E-4	0.0	3.853564547206166E-4		_
com.google.javascript.jscomp.PrepareAst$PrepareAnnotations#void#annotateDispatchers#?,Node,Node#187	1.9238168526356292E-4	1.9241870309794111E-4	3.84800388361504E-4	!(parent.getJSDocInfo() != null && parent.getJSDocInfo().isJavaDispatch())	_
com.google.javascript.jscomp.parsing.IRFactory$TransformDispatcher#Node#processName#?,Name,boolean#764	2.2619316896629722E-4	2.2619316896629722E-4	3.838970011694197E-4	asString	_
com.google.javascript.jscomp.NodeTraversal#void#popScope#?#583	2.134927412467976E-4	2.134927412467976E-4	3.723994630011278E-4	scopeCallback != null	_
com.google.javascript.jscomp.NodeTraversal#void#pushScope#?,Node#566	2.134927412467976E-4	2.134927412467976E-4	3.723994630011278E-4	scopeCallback != null	_
com.google.javascript.jscomp.NodeTraversal#?#NodeTraversal#?,AbstractCompiler,Callback,ScopeCreator#232	2.134927412467976E-4	2.134927412467976E-4	3.7237421566688027E-4	cb instanceof ScopedCallback	_
com.google.javascript.jscomp.WarningsGuard#boolean#disables#?,DiagnosticGroup#95	3.7037037037037035E-4	0.0	3.7037037037037035E-4		_
com.google.javascript.jscomp.WarningsGuard#boolean#enables#?,DiagnosticGroup#106	3.7037037037037035E-4	0.0	3.7037037037037035E-4		_
com.google.javascript.rhino.JSDocInfo#void#setConstructor#?,boolean#349	3.6589828027808267E-4	0.0	3.6589828027808267E-4		_
com.google.javascript.jscomp.Compiler#void#initBasedOnOptions#?#382	1.802776275464215E-4	1.819505094614265E-4	3.62228137007848E-4	!(options.sourceMapOutputPath != null)	_
com.google.javascript.jscomp.Compiler#void#initInputsByIdMap#?#487	1.8086453246518358E-4	1.8086453246518358E-4	3.6172906493036716E-4	!(previous != null)	_
com.google.javascript.jscomp.Compiler#void#initModules#?,List<T>,List<JSModule>,CompilerOptions#357	1.8057060310581438E-4	1.8057060310581438E-4	3.608482306522359E-4	!(modules.size() > 1)	_
com.google.javascript.jscomp.Compiler#void#fillEmptyModules#?,List<JSModule>#433	1.802776275464215E-4	1.8034265103697024E-4	3.6062027858339173E-4	!(module.getInputs().isEmpty())	_
com.google.javascript.jscomp.Compiler#void#checkFirstModule#?,List<JSModule>#412	1.802776275464215E-4	1.802776275464215E-4	3.60555255092843E-4	!(modules.get(0).getInputs().isEmpty() && modules.size() > 1)	_
com.google.javascript.rhino.jstype.FunctionParamBuilder#boolean#addOptionalParams#?,JSType#80	1.7962996227770793E-4	1.7962996227770793E-4	3.5925992455541585E-4	!(hasVarArgs())	_
com.google.javascript.jscomp.parsing.JsDocInfoParser#Node#newStringNode#?,String,int,int#2187	3.5790980672870435E-4	0.0	3.5790980672870435E-4		_
com.google.javascript.rhino.Node#Node#newString#?,String,int,int#521	3.57653791130186E-4	0.0	3.57653791130186E-4		_
com.google.javascript.rhino.jstype.JSTypeRegistry#JSType#createOptionalType#?,JSType#956	1.7905102954341988E-4	1.7905102954341988E-4	3.571771428316279E-4	type instanceof UnknownType || type.isAllType()	_
com.google.javascript.rhino.JSDocInfo#boolean#isConstant#?#442	3.5676061362825543E-4	0.0	3.5676061362825543E-4		_
com.google.javascript.rhino.JSTypeExpression#?#JSTypeExpression#?,Node,String#66	3.5549235691432633E-4	0.0	3.5549235691432633E-4		_
com.google.javascript.rhino.JSDocInfo#boolean#hasBaseType#?#1221	3.5423308537017357E-4	0.0	3.5423308537017357E-4		_
com.google.javascript.jscomp.parsing.JsDocInfoParser#JSTypeExpression#createJSTypeExpression#?,Node#1238	3.5423308537017357E-4	0.0	3.5423308537017357E-4		_
com.google.javascript.rhino.jstype.FunctionParamBuilder#boolean#addRequiredParams#?,JSType#63	1.7670966601873123E-4	1.7670966601873123E-4	3.5341933203746247E-4	!(hasOptionalOrVarArgs())	_
com.google.javascript.jscomp.AstValidator#void#validateParameters#?,Node#367	3.5323207347227127E-4	0.0	3.5323207347227127E-4		_
com.google.javascript.rhino.JSDocInfo#boolean#hasReturnType#?#1066	3.5285815102328866E-4	0.0	3.5285815102328866E-4		_
com.google.javascript.rhino.JSDocInfo#JSTypeExpression#getBaseType#?#1140	3.527336860670194E-4	0.0	3.527336860670194E-4		_
com.google.javascript.rhino.jstype.JSTypeRegistry#void#addReferenceTypeIndexedByProperty#?,String,JSType#636	1.7577781683951485E-4	1.7577781683951485E-4	3.515247412683374E-4	typeSet == null	_
com.google.javascript.rhino.JSDocInfo#boolean#hasThisType#?#1128	3.5137034434293746E-4	0.0	3.5137034434293746E-4		_
com.google.javascript.rhino.jstype.FunctionType#?#FunctionType#?,JSTypeRegistry,String,Node,ArrowType,ObjectType,String,boolean,boolean#143	1.7809439002671417E-4	1.7809439002671417E-4	3.5000430922905215E-4	isConstructor	_
com.google.javascript.rhino.jstype.JSTypeRegistry#void#registerPropertyOnType#?,String,JSType#619	1.7513134851138354E-4	1.7513134851138354E-4	3.499870925225743E-4	typeSet == null	_
com.google.javascript.rhino.Node#int#getIntProp#?,int#831	1.838235294117647E-4	1.838235294117647E-4	3.4979863314620453E-4	item == null	_
com.google.javascript.rhino.Node#?#Node#?,int,int,int#448	3.4928396786587494E-4	0.0	3.4928396786587494E-4		_
com.google.javascript.rhino.jstype.FunctionType#FunctionType#getSuperClassConstructor#?#767	1.7774617845716317E-4	1.7774617845716317E-4	3.490377166551762E-4	maybeSuperInstanceType == null	_
com.google.javascript.rhino.jstype.InstanceObjectType#int#hashCode#?#175	1.742767514813524E-4	1.742767514813524E-4	3.485535029627048E-4	hasReferenceName()	_
com.google.javascript.jscomp.parsing.JsDocInfoParser#String#getSourceName#?#149	3.471017007983339E-4	0.0	3.471017007983339E-4		_
com.google.javascript.jscomp.parsing.IRFactory$TransformDispatcher#boolean#isDirective#?,Node#478	1.5651901706057285E-4	1.8782870022539445E-4	3.4410311810318783E-4	n == null	_
com.google.javascript.jscomp.DiagnosticGroupWarningsGuard#boolean#disables#?,DiagnosticGroup#45	3.4340659340659343E-4	0.0	3.4340659340659343E-4		_
com.google.javascript.rhino.jstype.PrototypeObjectType#?#PrototypeObjectType#?,JSTypeRegistry,String,ObjectType,boolean#119	1.7467248908296942E-4	1.7467248908296942E-4	3.4322128395908606E-4	!(nativeType || implicitPrototype != null)	_
com.google.javascript.rhino.jstype.PrototypeObjectType#boolean#implicitPrototypeChainIsUnknown#?#496	1.7146776406035664E-4	1.7146776406035664E-4	3.429355281207133E-4	!(p.isUnknownType())	_
com.google.javascript.rhino.jstype.PrototypeObjectType#boolean#isSubtype#?,JSType#484	1.7146776406035664E-4	1.7146776406035664E-4	3.429355281207133E-4	!(isUnknownType() || implicitPrototypeChainIsUnknown())	_
com.google.javascript.rhino.jstype.ObjectType#boolean#isImplicitPrototype#?,ObjectType#473	1.7158544955387783E-4	1.7146776406035664E-4	3.429355281207133E-4	!(current.isEquivalentTo(prototype))	_
com.google.javascript.rhino.jstype.FunctionType#ObjectType#getPrototype#?#312	1.7137960582690659E-4	1.7137960582690659E-4	3.4275921165381317E-4	!(refName == null)	_
com.google.javascript.rhino.jstype.UnionTypeBuilder#UnionTypeBuilder#addAlternate#?,JSType#199	1.771479185119575E-4	1.771479185119575E-4	3.426012606694691E-4	alternate.isFunctionType()	_
com.google.javascript.rhino.jstype.InstanceObjectType#boolean#isEquivalentTo#?,JSType#162	1.7123287671232877E-4	1.7123287671232877E-4	3.420562453491583E-4	!(thatObj != null && thatObj.isNominalType())	_
com.google.javascript.rhino.jstype.ObjectType#boolean#isUnknownType#?#495	1.6874789065136686E-4	1.6874789065136686E-4	3.373535220794566E-4	implicitProto == null || implicitProto.isNativeObjectType()	_
com.google.javascript.rhino.Node#void#setLength#?,int#1137	3.362474781439139E-4	0.0	3.362474781439139E-4		_
com.google.javascript.jscomp.AstValidator#void#validateBlock#?,Node#278	3.361344537815126E-4	0.0	3.361344537815126E-4		_
com.google.javascript.rhino.jstype.PrototypeObjectType#String#getReferenceName#?#429	1.677289500167729E-4	1.677289500167729E-4	3.354297717507994E-4	className != null	_
com.google.javascript.jscomp.NodeUtil#boolean#isAssignmentOp#?,Node#1452	3.332222592469177E-4	0.0	3.332222592469177E-4		_
com.google.javascript.rhino.jstype.UnionTypeBuilder#JSType#reduceAlternatesWithoutUnion#?#232	1.6680567139282736E-4	1.6680567139282736E-4	3.330567104618215E-4	size > 1	_
com.google.javascript.rhino.jstype.UnionTypeBuilder#JSType#build#?#250	1.6680567139282736E-4	1.6680567139282736E-4	3.3261565315372937E-4	result == null	_
com.google.javascript.rhino.jstype.JSType#boolean#isSubtypeHelper#?,JSType,JSType#1037	1.656726308813784E-4	1.656726308813784E-4	3.313452617627568E-4	!(thatType instanceof ProxyObjectType)	_
com.google.javascript.jscomp.ComposeWarningsGuard$GuardComparator#int#compare#?,WarningsGuard,WarningsGuard#64	1.6493485073396007E-4	1.6493485073396007E-4	3.2927338812097735E-4	priorityDiff != 0	_
com.google.javascript.jscomp.ComposeWarningsGuard#void#addGuard#?,WarningsGuard#90	1.643925694558606E-4	1.644195988161789E-4	3.2881216827203947E-4	!(composeGuard.demoteErrors)	_
com.google.javascript.rhino.jstype.JSType#boolean#isEquivalentTo#?,JSType#409	1.6345210853220007E-4	1.6345210853220007E-4	3.2650444833327624E-4	!(jsType instanceof ProxyObjectType)	_
com.google.javascript.rhino.JSDocInfo#boolean#isDefine#?#459	3.2530904359141186E-4	0.0	3.2530904359141186E-4		_
com.google.javascript.rhino.Node#int#extractCharno#?,int#1222	1.6966406515100103E-4	1.6966406515100103E-4	3.2201019555928867E-4	!(lineCharNo == -1)	_
com.google.javascript.jscomp.CompilerInput#Node#getAstRoot#?,AbstractCompiler#118	1.606941989394183E-4	1.606941989394183E-4	3.213883978788366E-4	root != null	_
com.google.javascript.jscomp.CompilerInput#?#CompilerInput#?,SourceAst,InputId,boolean#78	1.603077909586406E-4	1.603077909586406E-4	3.205898874484627E-4	ast != null && ast.getSourceFile() != null	_
com.google.javascript.rhino.JSDocInfo#boolean#isInterface#?#515	3.202049311559398E-4	0.0	3.202049311559398E-4		_
com.google.javascript.rhino.JSDocInfo#boolean#isConstructor#?#450	3.198976327575176E-4	0.0	3.198976327575176E-4		_
com.google.javascript.jscomp.PrepareAst$PrepareAnnotations#boolean#shouldTraverse#?,NodeTraversal,Node,Node#131	1.5971889474524837E-4	1.5971889474524837E-4	3.1943778949049674E-4	!(n.isObjectLit())	_
com.google.javascript.jscomp.PrepareAst#void#process#?,Node,Node#69	1.5971889474524837E-4	1.5971889474524837E-4	3.1943778949049674E-4	root != null	_
com.google.javascript.jscomp.JsAst#void#parse#?,AbstractCompiler#95	1.5971889474524837E-4	1.5971889474524837E-4	3.191322535847191E-4	!(root == null || compiler.hasHaltingErrors())	_
com.google.javascript.jscomp.parsing.IRFactory#void#maybeSetLengthFrom#?,Node,AstNode#361	1.562744178777934E-4	1.6278691193228064E-4	3.1906132981007404E-4	!(config.isIdeMode)	_
com.google.javascript.jscomp.Scope#Var#declare#?,String,Node,JSType,CompilerInput#485	3.18775900541919E-4	0.0	3.18775900541919E-4		_
com.google.javascript.jscomp.NodeTraversal#void#traverseBranch#?,Node,Node#479	1.9238168526356292E-4	1.5936254980079682E-4	3.1826927155512706E-4	type == Token.SCRIPT	_
com.google.javascript.jscomp.parsing.IRFactory#void#setSourceInfo#?,Node,AstNode#314	1.562744178777934E-4	1.6028209648982208E-4	3.165565143676155E-4	!(irNode.getLineno() == -1)	_
com.google.javascript.jscomp.SourceFile#?#SourceFile#?,String#87	1.5787811809283233E-4	1.5787811809283233E-4	3.1575623618566466E-4	!(fileName == null || fileName.isEmpty())	_
com.google.javascript.jscomp.parsing.ParserRunner#Node#parse#?,StaticSourceFile,String,Config,ErrorReporter,Logger#142	1.5755475027572083E-4	1.5755475027572083E-4	3.14565269980541E-4	astRoot != null	_
com.google.javascript.rhino.JSDocInfoBuilder#boolean#hasAnySingletonTypeTags#?#980	3.1269543464665416E-4	0.0	3.1269543464665416E-4		_
com.google.javascript.jscomp.parsing.IRFactory$TransformDispatcher#void#parseDirectives#?,Node#472	1.562744178777934E-4	1.562744178777934E-4	3.125488357555868E-4	!(directives != null)	_
com.google.javascript.rhino.Node#void#setLineno#?,int#1166	1.5625E-4	1.5625E-4	3.125E-4	charno == -1	_
com.google.javascript.jscomp.parsing.ParserRunner#void#initResourceConfig#?#77	1.565680288085173E-4	1.565680288085173E-4	3.123070102755785E-4	annotationNames != null	_
com.google.javascript.jscomp.parsing.ParserRunner#Config#createConfig#?,boolean,LanguageMode,boolean,Set<String>#66	1.5576323987538941E-4	1.5576323987538941E-4	3.115022213424506E-4	extraAnnotationNames == null	_
com.google.javascript.jscomp.AstValidator#void#validateExprStmt#?,Node#475	3.114294612270321E-4	0.0	3.114294612270321E-4		_
com.google.javascript.rhino.JSDocInfo#boolean#hasTypedefType#?#1058	3.093102381688834E-4	0.0	3.093102381688834E-4		_
com.google.javascript.rhino.JSDocInfo#boolean#hasEnumParameterType#?#1050	3.093102381688834E-4	0.0	3.093102381688834E-4		_
com.google.javascript.jscomp.parsing.JsDocInfoParser#void#setFileOverviewJSDocInfo#?,JSDocInfo#116	3.08546744831842E-4	0.0	3.08546744831842E-4		_
com.google.javascript.jscomp.parsing.IRFactory#JsDocInfoParser#createJsDocInfoParser#?,Comment,Node#338	3.08546744831842E-4	0.0	3.08546744831842E-4		_
com.google.javascript.rhino.Node#int#extractLineno#?,int#1210	1.559332605644784E-4	1.559332605644784E-4	3.082561851646307E-4	lineCharNo == -1	_
com.google.javascript.rhino.JSDocInfo#boolean#hasType#?#1042	3.081664098613251E-4	0.0	3.081664098613251E-4		_
com.google.javascript.jscomp.parsing.JsDocInfoParser#JSDocInfo#getFileOverviewJSDocInfo#?#2322	3.077870113881194E-4	0.0	3.077870113881194E-4		_
com.google.javascript.rhino.JSDocInfo#boolean#hasType#?,int#1070	3.0721966205837174E-4	0.0	3.0721966205837174E-4		_
com.google.javascript.rhino.Node#void#addChildToBack#?,Node#613	1.5506280043417584E-4	1.5506280043417584E-4	3.064403360078967E-4	!(last == null)	_
com.google.javascript.rhino.Node$StringNode#?#StringNode#?,int,String#198	1.529285823520416E-4	1.529285823520416E-4	3.058571647040832E-4	!(null == str)	_
com.google.javascript.rhino.Node#Node#getChildAtIndex#?,int#569	3.0003000300030005E-4	0.0	3.0003000300030005E-4		_
com.google.javascript.jscomp.parsing.JsDocInfoParser#JsDocToken#eatTokensUntilEOL#?#2217	2.973535533749628E-4	0.0	2.973535533749628E-4		_
com.google.javascript.rhino.Node#void#putIntProp#?,int,int#864	1.486546751895347E-4	1.486546751895347E-4	2.9728725545112805E-4	value != 0	_
com.google.javascript.jscomp.Compiler#String#toSource#?,Node#1698	2.8818443804034583E-4	0.0	2.8818443804034583E-4		_
com.google.javascript.jscomp.AstValidator#void#validateName#?,Node#339	2.871088142405972E-4	0.0	2.871088142405972E-4		_
com.google.javascript.jscomp.CodePrinter$Builder#Builder#setOutputCharset#?,Charset#643	2.829654782116582E-4	0.0	2.829654782116582E-4		_
com.google.javascript.jscomp.Compiler#String#toSource#?,Node,SourceMap,boolean#1706	2.829654782116582E-4	0.0	2.829654782116582E-4		_
com.google.javascript.jscomp.CompilerOptions#LanguageMode#getLanguageOut#?#1368	2.829654782116582E-4	0.0	2.829654782116582E-4		_
com.google.javascript.jscomp.CodePrinter$Builder#Builder#setSourceMapDetailLevel#?,SourceMap.DetailLevel#634	2.829654782116582E-4	0.0	2.829654782116582E-4		_
com.google.javascript.jscomp.CodePrinter$Builder#Builder#setTagAsStrict#?,boolean#651	2.828854314002829E-4	0.0	2.828854314002829E-4		_
com.google.javascript.jscomp.CodePrinter$Builder#Builder#setPreferLineBreakAtEndOfFile#?,boolean#593	2.828854314002829E-4	0.0	2.828854314002829E-4		_
com.google.javascript.rhino.JSDocInfo#boolean#isNoCompile#?#587	2.8129395218002813E-4	0.0	2.8129395218002813E-4		_
com.google.javascript.rhino.JSDocInfo#boolean#isExterns#?#571	2.810567734682406E-4	0.0	2.810567734682406E-4		_
com.google.javascript.rhino.JSDocInfo#boolean#hasFileOverview#?#1390	2.80662363177098E-4	0.0	2.80662363177098E-4		_
com.google.javascript.jscomp.AstValidator#void#validateCodeRoot#?,Node#79	2.795638803466592E-4	0.0	2.795638803466592E-4		_
com.google.javascript.jscomp.CodePrinter$Builder#Builder#setSourceMap#?,SourceMap#625	2.794076557697681E-4	0.0	2.794076557697681E-4		_
com.google.javascript.jscomp.GoogleCodingConvention#?#GoogleCodingConvention#?#44	2.794076557697681E-4	0.0	2.794076557697681E-4		_
com.google.javascript.jscomp.GoogleCodingConvention#?#GoogleCodingConvention#?,CodingConvention#49	2.794076557697681E-4	0.0	2.794076557697681E-4		_
com.google.javascript.jscomp.CodePrinter$Builder#Builder#setLineLengthThreshold#?,int#614	2.7800945232137893E-4	0.0	2.7800945232137893E-4		_
com.google.javascript.jscomp.CodePrinter$Builder#Builder#setLineBreak#?,boolean#583	2.7731558513588466E-4	0.0	2.7731558513588466E-4		_
com.google.javascript.jscomp.AstValidator#?#AstValidator#?#48	2.771618625277162E-4	0.0	2.771618625277162E-4		_
com.google.javascript.jscomp.AstValidator#void#validateScript#?,Node#89	2.770850651149903E-4	0.0	2.770850651149903E-4		_
com.google.javascript.jscomp.CodePrinter$CompactCodePrinter#?#CompactCodePrinter#?,boolean,boolean,int,boolean,SourceMap.DetailLevel#436	2.7624309392265195E-4	0.0	2.7624309392265195E-4		_
com.google.javascript.rhino.JSDocInfo#void#setAssociatedNode#?,Node#1412	2.760905577029266E-4	0.0	2.760905577029266E-4		_
com.google.javascript.rhino.JSDocInfo#void#setVisibility#?,Visibility#618	2.759381898454746E-4	0.0	2.759381898454746E-4		_
com.google.javascript.rhino.JSDocInfo#Visibility#getVisibility#?#941	2.755580049600441E-4	0.0	2.755580049600441E-4		_
com.google.javascript.rhino.JSDocInfo#boolean#getFlag#?,int#613	2.744990392533626E-4	0.0	2.744990392533626E-4		_
com.google.javascript.jscomp.CodePrinter$Builder#Builder#setPrettyPrint#?,boolean#574	2.7344818156959256E-4	0.0	2.7344818156959256E-4		_
com.google.javascript.jscomp.NodeUtil#boolean#isObjectLitKey#?,Node,Node#2045	2.73224043715847E-4	0.0	2.73224043715847E-4		_
com.google.javascript.jscomp.NodeUtil#String#opToStr#?,int#2166	2.7285129604365623E-4	0.0	2.7285129604365623E-4		_
com.google.javascript.jscomp.CodeGenerator#void#add#?,Node#82	2.7285129604365623E-4	0.0	2.7285129604365623E-4		_
com.google.javascript.jscomp.CodePrinter$MappedCodePrinter#String#getCode#?#202	2.7285129604365623E-4	0.0	2.7285129604365623E-4		_
com.google.javascript.jscomp.CodeConsumer#boolean#continueProcessing#?#53	2.7285129604365623E-4	0.0	2.7285129604365623E-4		_
com.google.javascript.jscomp.CodePrinter$MappedCodePrinter#?#MappedCodePrinter#?,int,boolean,SourceMap.DetailLevel#64	2.7285129604365623E-4	0.0	2.7285129604365623E-4		_
com.google.javascript.jscomp.CodePrinter$Builder#?#Builder#?,Node#565	2.7285129604365623E-4	0.0	2.7285129604365623E-4		_
com.google.javascript.jscomp.CompilerOptions#void#setCodingConvention#?,CodingConvention#1266	2.7247956403269756E-4	0.0	2.7247956403269756E-4		_
com.google.javascript.jscomp.NodeUtil#boolean#isHoistedFunctionDeclaration#?,Node#1874	2.70929287455974E-4	0.0	2.70929287455974E-4		_
com.google.javascript.jscomp.Compiler#boolean#hasErrors#?#2050	2.6014568158168577E-4	0.0	2.6014568158168577E-4		_
com.google.javascript.rhino.IR#Node#block#?,Node#108	2.6014568158168577E-4	0.0	2.6014568158168577E-4		_
com.google.javascript.jscomp.DependencyOptions#boolean#needsManagement#?#120	2.6014568158168577E-4	0.0	2.6014568158168577E-4		_
com.google.javascript.jscomp.CompilerOptions$TracerMode#boolean#isOn#?#1945	2.6014568158168577E-4	0.0	2.6014568158168577E-4		_
com.google.javascript.jscomp.BasicErrorManager#int#getWarningCount#?#81	2.5974025974025974E-4	0.0	2.5974025974025974E-4		_
com.google.javascript.rhino.Node#boolean#isCall#?#2195	2.5967281225655674E-4	0.0	2.5967281225655674E-4		_
com.google.javascript.rhino.IR#boolean#mayBeStatement#?,Node#467	2.595380223202699E-4	0.0	2.595380223202699E-4		_
com.google.javascript.jscomp.Tracer#long#stop#?#441	2.592016588906169E-4	0.0	2.592016588906169E-4		_
com.google.javascript.jscomp.CodeChangeHandler$RecentChange#boolean#hasCodeChanged#?#44	2.592016588906169E-4	0.0	2.592016588906169E-4		_
com.google.javascript.jscomp.Tracer$ThreadTrace#boolean#isInitialized#?#746	2.592016588906169E-4	0.0	2.592016588906169E-4		_
com.google.javascript.rhino.jstype.UnknownType#?#UnknownType#?,JSTypeRegistry,boolean#60	2.577319587628866E-4	0.0	2.577319587628866E-4		_
com.google.javascript.rhino.jstype.BooleanType#?#BooleanType#?,JSTypeRegistry#53	2.577319587628866E-4	0.0	2.577319587628866E-4		_
com.google.javascript.rhino.jstype.NumberType#?#NumberType#?,JSTypeRegistry#53	2.577319587628866E-4	0.0	2.577319587628866E-4		_
com.google.javascript.rhino.jstype.StringType#?#StringType#?,JSTypeRegistry#53	2.577319587628866E-4	0.0	2.577319587628866E-4		_
com.google.javascript.rhino.jstype.JSTypeRegistry#void#initializeBuiltInTypes#?#280	2.577319587628866E-4	0.0	2.577319587628866E-4		_
com.google.javascript.rhino.jstype.FunctionType#void#setInstanceType#?,ObjectType#1005	2.577319587628866E-4	0.0	2.577319587628866E-4		_
com.google.javascript.rhino.jstype.NullType#?#NullType#?,JSTypeRegistry#54	2.577319587628866E-4	0.0	2.577319587628866E-4		_
com.google.javascript.rhino.jstype.VoidType#?#VoidType#?,JSTypeRegistry#54	2.577319587628866E-4	0.0	2.577319587628866E-4		_
com.google.javascript.rhino.jstype.JSTypeRegistry#void#registerNativeType#?,JSTypeNative,JSType#602	2.577319587628866E-4	0.0	2.577319587628866E-4		_
com.google.javascript.rhino.jstype.JSTypeRegistry#?#JSTypeRegistry#?,ErrorReporter,boolean#210	2.577319587628866E-4	0.0	2.577319587628866E-4		_
com.google.javascript.rhino.jstype.FunctionType#ArrowType#getInternalArrowType#?#275	2.577319587628866E-4	0.0	2.577319587628866E-4		_
com.google.javascript.rhino.jstype.AllType#?#AllType#?,JSTypeRegistry#53	2.577319587628866E-4	0.0	2.577319587628866E-4		_
com.google.javascript.rhino.jstype.ValueType#?#ValueType#?,JSTypeRegistry#49	2.577319587628866E-4	0.0	2.577319587628866E-4		_
com.google.javascript.rhino.jstype.JSTypeRegistry#void#initializeRegistry#?#581	2.577319587628866E-4	0.0	2.577319587628866E-4		_
com.google.javascript.rhino.jstype.JSTypeRegistry#void#resetForTypeCheck#?#238	2.577319587628866E-4	0.0	2.577319587628866E-4		_
com.google.javascript.rhino.jstype.JSTypeRegistry#ArrowType#createArrowType#?,Node#1040	2.577319587628866E-4	0.0	2.577319587628866E-4		_
com.google.javascript.rhino.jstype.NoResolvedType#?#NoResolvedType#?,JSTypeRegistry#59	2.577319587628866E-4	0.0	2.577319587628866E-4		_
com.google.javascript.rhino.jstype.NoType#?#NoType#?,JSTypeRegistry#65	2.577319587628866E-4	0.0	2.577319587628866E-4		_
com.google.javascript.rhino.jstype.JSTypeRegistry#void#register#?,JSType#588	2.577319587628866E-4	0.0	2.577319587628866E-4		_
com.google.javascript.rhino.jstype.NoObjectType#?#NoObjectType#?,JSTypeRegistry#70	2.577319587628866E-4	0.0	2.577319587628866E-4		_
com.google.javascript.rhino.jstype.ErrorFunctionType#?#ErrorFunctionType#?,JSTypeRegistry,String#73	2.577319587628866E-4	0.0	2.577319587628866E-4		_
com.google.javascript.rhino.jstype.JSTypeRegistry#Node#createOptionalParameters#?,JSType#1202	2.576655501159495E-4	0.0	2.576655501159495E-4		_
com.google.javascript.rhino.jstype.JSTypeRegistry#FunctionType#createFunctionTypeWithVarArgs#?,JSType,JSType#1087	2.5746652935118434E-4	0.0	2.5746652935118434E-4		_
com.google.javascript.rhino.jstype.JSTypeRegistry#FunctionType#createFunctionType#?,JSType,Node#1281	2.5693730729701953E-4	0.0	2.5693730729701953E-4		_
com.google.javascript.jscomp.Scope#Scope#getParent#?#452	2.5621316935690495E-4	0.0	2.5621316935690495E-4		_
com.google.javascript.rhino.jstype.JSTypeRegistry#Node#createParametersWithVarArgs#?,JSType#1193	2.5608194622279127E-4	0.0	2.5608194622279127E-4		_
com.google.javascript.rhino.IR#Node#block#?#92	2.5406504065040653E-4	0.0	2.5406504065040653E-4		_
com.google.javascript.rhino.jstype.NullType#String#toStringHelper#?,boolean#104	2.4906600249066E-4	0.0	2.4906600249066E-4		_
com.google.javascript.rhino.jstype.NullType#String#getDisplayName#?#109	2.4906600249066E-4	0.0	2.4906600249066E-4		_
com.google.javascript.rhino.jstype.BooleanType#String#toStringHelper#?,boolean#103	2.4826216484607745E-4	0.0	2.4826216484607745E-4		_
com.google.javascript.rhino.jstype.BooleanType#String#getDisplayName#?#108	2.4826216484607745E-4	0.0	2.4826216484607745E-4		_
com.google.javascript.rhino.jstype.FunctionBuilder#FunctionBuilder#withReturnType#?,JSType#96	2.4813895781637717E-4	0.0	2.4813895781637717E-4		_
com.google.javascript.rhino.jstype.FunctionType#void#setPrototypeBasedOn#?,ObjectType#338	2.4703557312252963E-4	0.0	2.4703557312252963E-4		_
com.google.javascript.rhino.jstype.VoidType#String#toStringHelper#?,boolean#96	2.453385672227674E-4	0.0	2.453385672227674E-4		_
com.google.javascript.rhino.jstype.VoidType#String#getDisplayName#?#101	2.453385672227674E-4	0.0	2.453385672227674E-4		_
com.google.javascript.jscomp.NodeUtil#boolean#isStatementParent#?,Node#1717	2.4125452352231604E-4	0.0	2.4125452352231604E-4		_
com.google.javascript.jscomp.NodeTraversal#void#traverseRoots#?,AbstractCompiler,List<Node>,Callback#464	2.3952095808383233E-4	0.0	2.3952095808383233E-4		_
com.google.javascript.rhino.jstype.StringType#String#getDisplayName#?#97	2.337540906965872E-4	0.0	2.337540906965872E-4		_
com.google.javascript.rhino.jstype.StringType#String#toStringHelper#?,boolean#92	2.337540906965872E-4	0.0	2.337540906965872E-4		_
com.google.javascript.jscomp.LoggerErrorManager#?#LoggerErrorManager#?,MessageFormatter,Logger#39	2.3266635644485808E-4	0.0	2.3266635644485808E-4		_
com.google.javascript.jscomp.Compiler#?#Compiler#?#198	2.3255813953488373E-4	0.0	2.3255813953488373E-4		_
com.google.javascript.jscomp.parsing.IRFactory#int#transformTokenType#?,int#1232	2.316423442205235E-4	0.0	2.316423442205235E-4		_
com.google.javascript.jscomp.parsing.IRFactory$TransformDispatcher#Node#processPropertyGet#?,PropertyGet#857	2.3030861354214648E-4	0.0	2.3030861354214648E-4		_
com.google.javascript.jscomp.ComposeWarningsGuard#?#ComposeWarningsGuard#?,WarningsGuard#84	2.3004370830457787E-4	0.0	2.3004370830457787E-4		_
com.google.javascript.jscomp.CompilerOptions#?#CompilerOptions#?#821	2.3004370830457787E-4	0.0	2.3004370830457787E-4		_
com.google.javascript.rhino.Node#boolean#hasMoreThanOneChild#?#1402	2.2935779816513763E-4	0.0	2.2935779816513763E-4		_
com.google.javascript.jscomp.CompilerOptions#void#setWarningLevel#?,DiagnosticGroup,CheckLevel#1042	2.2925263640531865E-4	0.0	2.2925263640531865E-4		_
com.google.javascript.jscomp.CompilerOptions#void#addWarningsGuard#?,WarningsGuard#1068	2.2914757103574703E-4	0.0	2.2914757103574703E-4		_
com.google.javascript.jscomp.Compiler#MessageFormatter#createMessageFormatter#?#235	2.27842333105491E-4	0.0	2.27842333105491E-4		_
com.google.javascript.jscomp.AbstractMessageFormatter#void#setColorize#?,boolean#37	2.27842333105491E-4	0.0	2.27842333105491E-4		_
com.google.javascript.jscomp.CompilerOptions#boolean#shouldColorizeErrorOutput#?#1229	2.27842333105491E-4	0.0	2.27842333105491E-4		_
com.google.javascript.jscomp.Compiler#void#setErrorManager#?,ErrorManager#224	2.277385561375541E-4	0.0	2.277385561375541E-4		_
com.google.javascript.jscomp.LightweightMessageFormatter#?#LightweightMessageFormatter#?,SourceExcerptProvider,SourceExcerpt#51	2.2763487366264513E-4	0.0	2.2763487366264513E-4		_
com.google.javascript.jscomp.RhinoErrorReporter#?#RhinoErrorReporter#?,AbstractCompiler#74	2.2763487366264513E-4	0.0	2.2763487366264513E-4		_
com.google.javascript.jscomp.Compiler#?#Compiler#?,PrintStream#206	2.2763487366264513E-4	0.0	2.2763487366264513E-4		_
com.google.javascript.jscomp.RhinoErrorReporter$NewRhinoErrorReporter#?#NewRhinoErrorReporter#?,AbstractCompiler#151	2.2763487366264513E-4	0.0	2.2763487366264513E-4		_
com.google.javascript.jscomp.RhinoErrorReporter#Pattern#replacePlaceHolders#?,String#68	2.2763487366264513E-4	0.0	2.2763487366264513E-4		_
com.google.javascript.jscomp.AbstractMessageFormatter#?#AbstractMessageFormatter#?,SourceExcerptProvider#33	2.2763487366264513E-4	0.0	2.2763487366264513E-4		_
com.google.javascript.jscomp.RhinoErrorReporter#ErrorReporter#forOldRhino#?,AbstractCompiler#108	2.2763487366264513E-4	0.0	2.2763487366264513E-4		_
com.google.javascript.jscomp.Compiler#void#addChangeHandler#?,CodeChangeHandler#1884	2.2763487366264513E-4	0.0	2.2763487366264513E-4		_
com.google.javascript.jscomp.LightweightMessageFormatter#?#LightweightMessageFormatter#?,SourceExcerptProvider#45	2.2763487366264513E-4	0.0	2.2763487366264513E-4		_
com.google.javascript.jscomp.RhinoErrorReporter$OldRhinoErrorReporter#?#OldRhinoErrorReporter#?,AbstractCompiler#143	2.2763487366264513E-4	0.0	2.2763487366264513E-4		_
com.google.javascript.jscomp.RhinoErrorReporter#com.google.javascript.rhino.head.ErrorReporter#forNewRhino#?,AbstractCompiler#104	2.2763487366264513E-4	0.0	2.2763487366264513E-4		_
com.google.javascript.jscomp.PassFactory#?#PassFactory#?,String,boolean#43	2.2680880018144704E-4	0.0	2.2680880018144704E-4		_
com.google.javascript.jscomp.NodeTraversal#CompilerInput#getInput#?#433	2.2650056625141563E-4	0.0	2.2650056625141563E-4		_
com.google.javascript.jscomp.ClosureCodingConvention#?#ClosureCodingConvention#?,CodingConvention#50	2.2634676324128565E-4	0.0	2.2634676324128565E-4		_
com.google.javascript.jscomp.ClosureCodingConvention#?#ClosureCodingConvention#?#46	2.2634676324128565E-4	0.0	2.2634676324128565E-4		_
com.google.javascript.jscomp.CodingConventions$Proxy#?#Proxy#?,CodingConvention#58	2.2634676324128565E-4	0.0	2.2634676324128565E-4		_
com.google.javascript.jscomp.CodingConventions#CodingConvention#getDefault#?#40	2.2619316896629722E-4	0.0	2.2619316896629722E-4		_
com.google.javascript.jscomp.parsing.IRFactory$TransformDispatcher#boolean#validAssignmentTarget#?,Node#1044	2.261420171867933E-4	0.0	2.261420171867933E-4		_
com.google.javascript.jscomp.NodeUtil#boolean#isFunctionDeclaration#?,Node#1865	2.2426553038797938E-4	0.0	2.2426553038797938E-4		_
com.google.javascript.rhino.Node#boolean#isComma#?#2207	2.2351363433169424E-4	0.0	2.2351363433169424E-4		_
com.google.javascript.rhino.jstype.NumberType#String#getDisplayName#?#102	2.231644722160232E-4	0.0	2.231644722160232E-4		_
com.google.javascript.rhino.jstype.NumberType#String#toStringHelper#?,boolean#97	2.231644722160232E-4	0.0	2.231644722160232E-4		_
com.google.javascript.rhino.ScriptRuntime#String#getMessage0#?,String#367	2.2114108801415304E-4	0.0	2.2114108801415304E-4		_
com.google.javascript.rhino.ScriptRuntime#String#getMessage#?,String,Object[]#403	2.2079929344226098E-4	0.0	2.2079929344226098E-4		_
com.google.javascript.rhino.Node#JSType#getJSType#?#1827	2.1958717610891525E-4	0.0	2.1958717610891525E-4		_
com.google.javascript.rhino.Node#boolean#isParamList#?#2327	2.1436227224008573E-4	0.0	2.1436227224008573E-4		_
com.google.javascript.rhino.jstype.PrototypeObjectType#?#PrototypeObjectType#?,JSTypeRegistry,String,ObjectType#106	2.1422450728363326E-4	0.0	2.1422450728363326E-4		_
com.google.javascript.jscomp.parsing.IRFactory$TransformDispatcher#Node#processInfixExpression#?,InfixExpression#719	2.1372088053002778E-4	0.0	2.1372088053002778E-4		_
com.google.javascript.rhino.Node#boolean#isExprResult#?#2239	2.1048200378867606E-4	0.0	2.1048200378867606E-4		_
com.google.javascript.jscomp.NodeTraversal#boolean#inGlobalScope#?#635	2.068680182043856E-4	0.0	2.068680182043856E-4		_
com.google.javascript.jscomp.NodeTraversal#int#getScopeDepth#?#639	2.0682523267838676E-4	0.0	2.0682523267838676E-4		_
com.google.javascript.rhino.jstype.JSType#String#toString#?#1149	2.0445716622367614E-4	0.0	2.0445716622367614E-4		_
com.google.javascript.jscomp.Scope#boolean#isLocal#?#621	2.0193861066235866E-4	0.0	2.0193861066235866E-4		_
com.google.javascript.jscomp.Scope#boolean#isGlobal#?#614	2.0173492031470649E-4	0.0	2.0173492031470649E-4		_
com.google.javascript.jscomp.Scope#Var#declare#?,String,Node,JSType,CompilerInput,boolean#513	1.999600079984003E-4	0.0	1.999600079984003E-4		_
com.google.javascript.jscomp.Scope$Var#?#Var#?,boolean,String,Node,JSType,Scope,int,CompilerInput,boolean,JSDocInfo#141	1.999600079984003E-4	0.0	1.999600079984003E-4		_
com.google.javascript.jscomp.Compiler#CompilerInput#getInput#?,InputId#1000	1.9708316909735908E-4	0.0	1.9708316909735908E-4		_
com.google.javascript.jscomp.Scope#?#Scope#?,Node,AbstractCompiler#416	1.9619383951343929E-4	0.0	1.9619383951343929E-4		_
com.google.javascript.jscomp.NodeUtil#boolean#isControlStructure#?,Node#1618	1.9546520719311962E-4	0.0	1.9546520719311962E-4		_
com.google.javascript.jscomp.PrepareAst$PrepareAnnotations#void#annotateFunctions#?,Node,Node#224	1.9238168526356292E-4	0.0	1.9238168526356292E-4		_
com.google.javascript.jscomp.PrepareAst$PrepareAnnotations#void#visit#?,NodeTraversal,Node,Node#146	1.9238168526356292E-4	0.0	1.9238168526356292E-4		_
com.google.javascript.jscomp.NodeTraversal$AbstractPostOrderCallback#boolean#shouldTraverse#?,NodeTraversal,Node,Node#133	1.919754271453254E-4	0.0	1.919754271453254E-4		_
com.google.javascript.jscomp.NodeUtil#boolean#isFunctionExpression#?,Node#1903	1.9179133103183735E-4	0.0	1.9179133103183735E-4		_
com.google.javascript.jscomp.NodeUtil#boolean#isStatementBlock#?,Node#1696	1.9138755980861245E-4	0.0	1.9138755980861245E-4		_
com.google.javascript.rhino.Node#boolean#isString#?#2347	1.9083969465648855E-4	0.0	1.9083969465648855E-4		_
com.google.javascript.jscomp.parsing.IRFactory$TransformDispatcher#Node#processBlock#?,Block#488	1.8996960486322188E-4	0.0	1.8996960486322188E-4		_
com.google.javascript.rhino.Node#boolean#hasChildren#?#537	1.8914318138831096E-4	0.0	1.8914318138831096E-4		_
com.google.javascript.jscomp.parsing.IRFactory#Node#newNode#?,int,Node,Node#1328	1.886080724254998E-4	0.0	1.886080724254998E-4		_
com.google.javascript.jscomp.NodeUtil#boolean#isStatement#?,Node#1703	1.8800526414739614E-4	0.0	1.8800526414739614E-4		_
com.google.javascript.rhino.Node#?#Node#?,int,Node,Node#391	1.864975755315181E-4	0.0	1.864975755315181E-4		_
com.google.javascript.jscomp.parsing.IRFactory$TransformDispatcher#Node#processGeneric#?,com.google.javascript.rhino.head.Node#383	1.858736059479554E-4	0.0	1.858736059479554E-4		_
com.google.javascript.jscomp.BasicErrorManager#JSError[]#getWarnings#?#91	1.8218254691200583E-4	0.0	1.8218254691200583E-4		_
com.google.javascript.jscomp.Compiler#JSError[]#getWarnings#?#945	1.8218254691200583E-4	0.0	1.8218254691200583E-4		_
com.google.javascript.jscomp.Compiler#void#init#?,List<T1>,List<T2>,CompilerOptions#325	1.8129079042784627E-4	0.0	1.8129079042784627E-4		_
com.google.javascript.jscomp.Compiler#List<CompilerInput>#makeCompilerInput#?,List<T>,boolean#392	1.8086453246518358E-4	0.0	1.8086453246518358E-4		_
com.google.javascript.jscomp.Compiler#List<CompilerInput>#getAllInputsFromModules#?,List<JSModule>#469	1.802776275464215E-4	0.0	1.802776275464215E-4		_
com.google.javascript.jscomp.JSModule#?#JSModule#?,String#64	1.802451333813987E-4	0.0	1.802451333813987E-4		_
com.google.javascript.rhino.Node$IntPropListItem#int#getIntValue#?#342	1.8021265092809516E-4	0.0	1.8021265092809516E-4		_
com.google.javascript.jscomp.JSModule#void#add#?,SourceFile#94	1.801477211313277E-4	0.0	1.801477211313277E-4		_
com.google.javascript.jscomp.CompilerInput#void#setModule#?,JSModule#325	1.8008283810552856E-4	0.0	1.8008283810552856E-4		_
com.google.javascript.jscomp.JSModule#void#add#?,CompilerInput#104	1.8008283810552856E-4	0.0	1.8008283810552856E-4		_
com.google.javascript.jscomp.JSModule#List<CompilerInput>#getInputs#?#205	1.8005041411595248E-4	0.0	1.8005041411595248E-4		_
com.google.javascript.jscomp.CompilerInput#String#getName#?#100	1.798237727027513E-4	0.0	1.798237727027513E-4		_
com.google.javascript.rhino.Node#void#setOptionalArg#?,boolean#1903	1.795654516071108E-4	0.0	1.795654516071108E-4		_
com.google.javascript.rhino.InputId#String#getIdName#?#56	1.7917935853789643E-4	0.0	1.7917935853789643E-4		_
com.google.javascript.rhino.Node#void#setVarArgs#?,boolean#1885	1.7869907076483203E-4	0.0	1.7869907076483203E-4		_
com.google.javascript.rhino.jstype.FunctionParamBuilder#boolean#hasVarArgs#?#153	1.7866714311238162E-4	0.0	1.7866714311238162E-4		_
com.google.javascript.rhino.Node#boolean#isGetProp#?#2263	1.7825311942959E-4	0.0	1.7825311942959E-4		_
com.google.javascript.rhino.jstype.JSTypeRegistry#void#register#?,JSType,String#592	1.781895937277263E-4	0.0	1.781895937277263E-4		_
com.google.javascript.rhino.jstype.JSTypeRegistry#ArrowType#createArrowType#?,Node,JSType#1030	1.7815784785319794E-4	0.0	1.7815784785319794E-4		_
com.google.javascript.rhino.jstype.ArrowType#?#ArrowType#?,JSTypeRegistry,Node,JSType#64	1.7784101013693757E-4	0.0	1.7784101013693757E-4		_
com.google.javascript.rhino.jstype.InstanceObjectType#?#InstanceObjectType#?,JSTypeRegistry,FunctionType,boolean#61	1.7780938833570413E-4	0.0	1.7780938833570413E-4		_
com.google.javascript.rhino.jstype.AllType#boolean#isAllType#?#58	1.7780938833570413E-4	0.0	1.7780938833570413E-4		_
com.google.javascript.rhino.Node#boolean#isAssign#?#2179	1.774622892635315E-4	0.0	1.774622892635315E-4		_
com.google.javascript.rhino.Node#boolean#hasOneChild#?#1392	1.7670966601873123E-4	0.0	1.7670966601873123E-4		_
com.google.javascript.rhino.jstype.FunctionParamBuilder#boolean#hasOptionalOrVarArgs#?#146	1.7670966601873123E-4	0.0	1.7670966601873123E-4		_
com.google.javascript.rhino.jstype.FunctionParamBuilder#Node#newParameter#?,JSType#135	1.7599436818021823E-4	0.0	1.7599436818021823E-4		_
com.google.javascript.jscomp.parsing.IRFactory$TransformDispatcher#Node#processExpressionStatement#?,ExpressionStatement#570	1.7488632388947185E-4	0.0	1.7488632388947185E-4		_
com.google.javascript.rhino.jstype.JSType#boolean#isEmptyType#?#157	1.7391304347826088E-4	0.0	1.7391304347826088E-4		_
com.google.javascript.rhino.jstype.FunctionBuilder#FunctionBuilder#withParamsNode#?,Node#91	1.7382235355466714E-4	0.0	1.7382235355466714E-4		_
com.google.javascript.rhino.jstype.NoType#boolean#isNoType#?#75	1.7313019390581717E-4	0.0	1.7313019390581717E-4		_
com.google.javascript.rhino.jstype.JSType#JSType#getNativeType#?,JSTypeNative#111	1.729804532087874E-4	0.0	1.729804532087874E-4		_
com.google.javascript.rhino.jstype.FunctionBuilder#?#FunctionBuilder#?,JSTypeRegistry#65	1.7283097131005876E-4	0.0	1.7283097131005876E-4		_
com.google.javascript.rhino.jstype.FunctionBuilder#FunctionType#build#?#159	1.7283097131005876E-4	0.0	1.7283097131005876E-4		_
com.google.javascript.jscomp.NodeUtil#InputId#getInputId#?,Node#2861	1.7271157167530224E-4	0.0	1.7271157167530224E-4		_
com.google.javascript.rhino.jstype.FunctionParamBuilder#Node#build#?#142	1.7196904557179707E-4	0.0	1.7196904557179707E-4		_
com.google.javascript.rhino.jstype.FunctionParamBuilder#?#FunctionParamBuilder#?,JSTypeRegistry#55	1.7196904557179707E-4	0.0	1.7196904557179707E-4		_
com.google.javascript.jscomp.Compiler#JSError[]#getErrors#?#938	1.7190991920233798E-4	0.0	1.7190991920233798E-4		_
com.google.javascript.jscomp.BasicErrorManager#JSError[]#getErrors#?#86	1.7188037126160193E-4	0.0	1.7188037126160193E-4		_
com.google.javascript.rhino.jstype.FunctionType#boolean#hasCachedValues#?#1089	1.717327837884252E-4	0.0	1.717327837884252E-4		_
com.google.javascript.rhino.jstype.ArrowType#?#ArrowType#?,JSTypeRegistry,Node,JSType,boolean#69	1.717327837884252E-4	0.0	1.717327837884252E-4		_
com.google.javascript.rhino.jstype.JSType#boolean#isNoObjectType#?#153	1.7164435290078958E-4	0.0	1.7164435290078958E-4		_
com.google.javascript.jscomp.BasicErrorManager#JSError[]#toArray#?,CheckLevel#105	1.714971702966901E-4	0.0	1.714971702966901E-4		_
com.google.javascript.rhino.jstype.JSType#RecordType#toMaybeRecordType#?#326	1.7129153819801302E-4	0.0	1.7129153819801302E-4		_
com.google.javascript.rhino.jstype.PrototypeObjectType#void#setOwnerFunction#?,FunctionType#517	1.7129153819801302E-4	0.0	1.7129153819801302E-4		_
com.google.javascript.rhino.jstype.PrototypeObjectType#Iterable<ObjectType>#getCtorExtendedInterfaces#?#534	1.7123287671232877E-4	0.0	1.7123287671232877E-4		_
com.google.javascript.rhino.jstype.PrototypeObjectType#FunctionType#getOwnerFunction#?#522	1.7123287671232877E-4	0.0	1.7123287671232877E-4		_
com.google.javascript.rhino.jstype.ObjectType#boolean#isFunctionPrototypeType#?#547	1.712035610340695E-4	0.0	1.712035610340695E-4		_
com.google.javascript.rhino.jstype.JSType#boolean#isRecordType#?#318	1.709986320109439E-4	0.0	1.709986320109439E-4		_
com.google.javascript.rhino.jstype.InstanceObjectType#boolean#isNominalType#?#153	1.707941929974381E-4	0.0	1.707941929974381E-4		_
com.google.javascript.rhino.jstype.FunctionType#boolean#hasInstanceType#?#1012	1.70590242238144E-4	0.0	1.70590242238144E-4		_
com.google.javascript.rhino.jstype.FunctionType#ObjectType#getInstanceType#?#997	1.70590242238144E-4	0.0	1.70590242238144E-4		_
com.google.javascript.rhino.jstype.JSTypeRegistry#FunctionType#getNativeFunctionType#?,JSTypeNative#883	1.7053206002728513E-4	0.0	1.7053206002728513E-4		_
com.google.javascript.rhino.jstype.FunctionType#FunctionType#toMaybeFunctionType#?#199	1.7032873445750298E-4	0.0	1.7032873445750298E-4		_
com.google.javascript.rhino.jstype.ObjectType$Property#?#Property#?,String,JSType,boolean,Node#607	1.7021276595744682E-4	0.0	1.7021276595744682E-4		_
com.google.javascript.rhino.jstype.PrototypeObjectType#void#setPrettyPrint#?,boolean#399	1.7009695526450075E-4	0.0	1.7009695526450075E-4		_
com.google.javascript.rhino.jstype.InstanceObjectType#Iterable<ObjectType>#getCtorExtendedInterfaces#?#189	1.6989466530750936E-4	0.0	1.6989466530750936E-4		_
com.google.javascript.rhino.jstype.InstanceObjectType#boolean#hasReferenceName#?#72	1.6963528413910093E-4	0.0	1.6963528413910093E-4		_
com.google.javascript.rhino.jstype.FunctionType#Iterable<ObjectType>#getExtendedInterfaces#?#505	1.6934801016088062E-4	0.0	1.6934801016088062E-4		_
com.google.javascript.rhino.jstype.FunctionType#boolean#isConstructor#?#184	1.6934801016088062E-4	0.0	1.6934801016088062E-4		_
com.google.javascript.rhino.jstype.PrototypeObjectType#boolean#hasReferenceName#?#440	1.6889039013680122E-4	0.0	1.6889039013680122E-4		_
com.google.javascript.rhino.jstype.ObjectType#ObjectType#cast#?,JSType#542	1.6877637130801687E-4	0.0	1.6877637130801687E-4		_
com.google.javascript.rhino.jstype.JSType#ObjectType#toObjectType#?#555	1.6866250632484398E-4	0.0	1.6866250632484398E-4		_
com.google.javascript.rhino.jstype.InstanceObjectType#String#getReferenceName#?#67	1.6863406408094435E-4	0.0	1.6863406408094435E-4		_
com.google.javascript.rhino.Node#boolean#isBlock#?#2187	1.686056314280897E-4	0.0	1.686056314280897E-4		_
com.google.javascript.rhino.jstype.ObjectType#boolean#hasCachedValues#?#522	1.6854879487611664E-4	0.0	1.6854879487611664E-4		_
com.google.javascript.rhino.jstype.PrototypeObjectType#boolean#hasCachedValues#?#506	1.6854879487611664E-4	0.0	1.6854879487611664E-4		_
com.google.javascript.rhino.jstype.PrototypeObjectType#void#setImplicitPrototype#?,ObjectType#424	1.6854879487611664E-4	0.0	1.6854879487611664E-4		_
com.google.javascript.rhino.jstype.PrototypeObjectType#boolean#isNativeObjectType#?#512	1.6849199663016007E-4	0.0	1.6849199663016007E-4		_
com.google.javascript.rhino.jstype.JSTypeRegistry#JSType#createUnionType#?,JSType#996	1.67897918065816E-4	0.0	1.67897918065816E-4		_
com.google.javascript.rhino.jstype.FunctionType#boolean#isInterface#?#189	1.6767270288397049E-4	0.0	1.6767270288397049E-4		_
com.google.javascript.rhino.jstype.InstanceObjectType#ObjectType#getImplicitPrototype#?#77	1.6750418760469013E-4	0.0	1.6750418760469013E-4		_
com.google.javascript.rhino.Node#boolean#getBooleanProp#?,int#822	1.6739203213927018E-4	0.0	1.6739203213927018E-4		_
com.google.javascript.rhino.Node#boolean#isVar#?#2375	1.6736401673640169E-4	0.0	1.6736401673640169E-4		_
com.google.javascript.rhino.jstype.ObjectType$Property#JSType#getType#?#637	1.6722408026755852E-4	0.0	1.6722408026755852E-4		_
com.google.javascript.rhino.jstype.PrototypeObjectType#ObjectType#getImplicitPrototype#?#413	1.6714023065351831E-4	0.0	1.6714023065351831E-4		_
com.google.javascript.rhino.jstype.InstanceObjectType#FunctionType#getConstructor#?#82	1.6711229946524063E-4	0.0	1.6711229946524063E-4		_
com.google.javascript.rhino.jstype.ObjectType#?#ObjectType#?,JSTypeRegistry#89	1.670843776106934E-4	0.0	1.670843776106934E-4		_
com.google.javascript.rhino.jstype.UnionTypeBuilder#Collection<JSType>#getAlternateListCopy#?#258	1.6680567139282736E-4	0.0	1.6680567139282736E-4		_
com.google.javascript.rhino.jstype.UnionType#?#UnionType#?,JSTypeRegistry,Collection<JSType>#82	1.6680567139282736E-4	0.0	1.6680567139282736E-4		_
com.google.javascript.rhino.jstype.JSType#boolean#isSubtype#?,JSType#990	1.6675004168751042E-4	0.0	1.6675004168751042E-4		_
com.google.javascript.rhino.jstype.JSType#int#hashCode#?#432	1.6672224074691563E-4	0.0	1.6672224074691563E-4		_
com.google.javascript.rhino.jstype.JSTypeRegistry#ObjectType#getNativeObjectType#?,JSTypeNative#879	1.6644474034620507E-4	0.0	1.6644474034620507E-4		_
com.google.javascript.rhino.jstype.UnionTypeBuilder#?#UnionTypeBuilder#?,JSTypeRegistry#101	1.658649859014762E-4	0.0	1.658649859014762E-4		_
com.google.javascript.rhino.Node#void#setJSType#?,JSType#1831	1.658374792703151E-4	0.0	1.658374792703151E-4		_
com.google.javascript.rhino.jstype.JSType#boolean#isUnknownType#?#238	1.657550140891762E-4	0.0	1.657550140891762E-4		_
com.google.javascript.rhino.Node#boolean#isName#?#2295	1.6550810989738498E-4	0.0	1.6550810989738498E-4		_
com.google.javascript.rhino.jstype.UnionTypeBuilder#?#UnionTypeBuilder#?,JSTypeRegistry,int#105	1.6534391534391533E-4	0.0	1.6534391534391533E-4		_
com.google.javascript.rhino.jstype.JSType#boolean#isNoResolvedType#?#149	1.6534391534391533E-4	0.0	1.6534391534391533E-4		_
com.google.javascript.rhino.jstype.JSType#FunctionType#toMaybeFunctionType#?#281	1.6501650165016502E-4	0.0	1.6501650165016502E-4		_
com.google.javascript.jscomp.WarningsGuard#int#getPriority#?#84	1.6488046166529267E-4	0.0	1.6488046166529267E-4		_
com.google.javascript.rhino.jstype.JSType#boolean#isFunctionType#?#265	1.6458196181698485E-4	0.0	1.6458196181698485E-4		_
com.google.javascript.jscomp.DiagnosticGroup#Iterable<DiagnosticType>#getTypes#?#129	1.643925694558606E-4	0.0	1.643925694558606E-4		_
com.google.javascript.jscomp.DiagnosticGroups#Map<String,DiagnosticGroup>#getRegisteredGroups#?#58	1.643925694558606E-4	0.0	1.643925694558606E-4		_
com.google.javascript.jscomp.SuppressDocWarningsGuard#?#SuppressDocWarningsGuard#?,Map<String,DiagnosticGroup>#42	1.643925694558606E-4	0.0	1.643925694558606E-4		_
com.google.javascript.rhino.jstype.JSType#boolean#isAllType#?#234	1.643925694558606E-4	0.0	1.643925694558606E-4		_
com.google.javascript.jscomp.SuppressDocWarningsGuard#int#getPriority#?#99	1.643925694558606E-4	0.0	1.643925694558606E-4		_
com.google.javascript.jscomp.CompilerOptions#WarningsGuard#getWarningsGuard#?#1046	1.643925694558606E-4	0.0	1.643925694558606E-4		_
com.google.javascript.jscomp.ComposeWarningsGuard#void#addGuards#?,Iterable<WarningsGuard>#105	1.643925694558606E-4	0.0	1.643925694558606E-4		_
com.google.javascript.jscomp.CompilerOptions#boolean#enables#?,DiagnosticGroup#1027	1.643925694558606E-4	0.0	1.643925694558606E-4		_
com.google.javascript.rhino.jstype.JSType#boolean#isNoType#?#145	1.643655489809336E-4	0.0	1.643655489809336E-4		_
com.google.javascript.jscomp.DiagnosticGroupWarningsGuard#?#DiagnosticGroupWarningsGuard#?,DiagnosticGroup,CheckLevel#34	1.6433853738701725E-4	0.0	1.6433853738701725E-4		_
com.google.javascript.jscomp.Compiler#DiagnosticGroups#getDiagnosticGroups#?#1977	1.6433853738701725E-4	0.0	1.6433853738701725E-4		_
com.google.javascript.rhino.jstype.JSType#boolean#isUnionType#?#246	1.642845408247084E-4	0.0	1.642845408247084E-4		_
com.google.javascript.jscomp.ComposeWarningsGuard#?#ComposeWarningsGuard#?,List<WarningsGuard>#80	1.642845408247084E-4	0.0	1.642845408247084E-4		_
com.google.javascript.jscomp.ComposeWarningsGuard$GuardComparator#?#GuardComparator#?,Map<WarningsGuard,Integer>#58	1.642845408247084E-4	0.0	1.642845408247084E-4		_
com.google.javascript.rhino.jstype.JSType#UnionType#toMaybeUnionType#?#255	1.642845408247084E-4	0.0	1.642845408247084E-4		_
com.google.javascript.rhino.jstype.JSType#?#JSType#?,JSTypeRegistry#104	1.6398819285011479E-4	0.0	1.6398819285011479E-4		_
com.google.javascript.jscomp.DiagnosticType#boolean#equals#?,Object#115	1.6371971185330714E-4	0.0	1.6371971185330714E-4		_
com.google.javascript.jscomp.DiagnosticGroup#boolean#matches#?,DiagnosticType#110	1.636929120969062E-4	0.0	1.636929120969062E-4		_
com.google.javascript.rhino.jstype.JSTypeRegistry#JSType#getNativeType#?,JSTypeNative#875	1.6326530612244898E-4	0.0	1.6326530612244898E-4		_
com.google.javascript.jscomp.Compiler#int#getErrorCount#?#2025	1.6239038648911984E-4	0.0	1.6239038648911984E-4		_
com.google.javascript.rhino.Node#boolean#isFunction#?#2251	1.6231131309852296E-4	0.0	1.6231131309852296E-4		_
com.google.javascript.rhino.Node#int#getChildCount#?#1408	1.6087516087516087E-4	0.0	1.6087516087516087E-4		_
com.google.javascript.jscomp.Compiler#CompilerInput#putCompilerInput#?,InputId,CompilerInput#1035	1.6043638697256537E-4	0.0	1.6043638697256537E-4		_
com.google.javascript.jscomp.CompilerInput#InputId#getInputId#?#94	1.6038492381716118E-4	0.0	1.6038492381716118E-4		_
com.google.javascript.jscomp.CompilerInput#void#setCompiler#?,AbstractCompiler#147	1.603077909586406E-4	0.0	1.603077909586406E-4		_
com.google.javascript.jscomp.JsAst#InputId#getInputId#?#69	1.603077909586406E-4	0.0	1.603077909586406E-4		_
com.google.javascript.jscomp.SourceFile#void#setIsExtern#?,boolean#194	1.603077909586406E-4	0.0	1.603077909586406E-4		_
com.google.javascript.jscomp.CompilerInput#?#CompilerInput#?,SourceFile,boolean#88	1.603077909586406E-4	0.0	1.603077909586406E-4		_
com.google.javascript.jscomp.CompilerInput#?#CompilerInput#?,SourceAst,boolean#65	1.603077909586406E-4	0.0	1.603077909586406E-4		_
com.google.javascript.jscomp.CompilerInput#?#CompilerInput#?,SourceFile#84	1.603077909586406E-4	0.0	1.603077909586406E-4		_
com.google.javascript.rhino.Node#Node#getParent#?#1324	1.6025641025641026E-4	0.0	1.6025641025641026E-4		_
com.google.javascript.rhino.InputId#int#hashCode#?#61	1.6017940092904052E-4	0.0	1.6017940092904052E-4		_
com.google.javascript.jscomp.JsAst#SourceFile#getSourceFile#?#74	1.6017940092904052E-4	0.0	1.6017940092904052E-4		_
com.google.javascript.jscomp.PrepareAst#?#PrepareAst#?,AbstractCompiler,boolean#46	1.5971889474524837E-4	0.0	1.5971889474524837E-4		_
com.google.javascript.jscomp.PrepareAst#?#PrepareAst#?,AbstractCompiler#42	1.5971889474524837E-4	0.0	1.5971889474524837E-4		_
com.google.javascript.jscomp.PrepareAst$PrepareAnnotations#?#PrepareAnnotations#?,AbstractCompiler#126	1.5971889474524837E-4	0.0	1.5971889474524837E-4		_
com.google.javascript.jscomp.Compiler#void#prepareAst#?,Node#1858	1.5971889474524837E-4	0.0	1.5971889474524837E-4		_
com.google.javascript.rhino.Node$IntPropListItem#PropListItem#chain#?,PropListItem#357	1.5969338869370808E-4	0.0	1.5969338869370808E-4		_
com.google.javascript.rhino.Node#boolean#isObjectLit#?#2319	1.5964240102171138E-4	0.0	1.5964240102171138E-4		_
com.google.javascript.jscomp.Compiler#boolean#acceptConstKeyword#?#1932	1.5941335883947074E-4	0.0	1.5941335883947074E-4		_
com.google.javascript.jscomp.Compiler#ErrorReporter#getDefaultErrorReporter#?#1504	1.5941335883947074E-4	0.0	1.5941335883947074E-4		_
com.google.javascript.jscomp.NodeTraversal#String#getSourceName#?,Node#654	1.5936254980079682E-4	0.0	1.5936254980079682E-4		_
com.google.javascript.jscomp.Compiler#boolean#hasHaltingErrors#?#2037	1.5931177314003505E-4	0.0	1.5931177314003505E-4		_
com.google.javascript.jscomp.JsAst#?#JsAst#?,SourceFile#44	1.5926102882624622E-4	0.0	1.5926102882624622E-4		_
com.google.javascript.jscomp.SourceFile#String#getCode#?#140	1.591596371160274E-4	0.0	1.591596371160274E-4		_
com.google.javascript.jscomp.CompilerOptions#CodingConvention#getCodingConvention#?#1270	1.591596371160274E-4	0.0	1.591596371160274E-4		_
com.google.javascript.jscomp.Compiler#CodingConvention#getCodingConvention#?#1908	1.591596371160274E-4	0.0	1.591596371160274E-4		_
com.google.javascript.rhino.Node#String#getSourceFileName#?#1104	1.5913430935709738E-4	0.0	1.5913430935709738E-4		_
com.google.javascript.jscomp.CompilerOptions#LanguageMode#getLanguageIn#?#1364	1.590836780146357E-4	0.0	1.590836780146357E-4		_
com.google.javascript.jscomp.Compiler#boolean#isIdeMode#?#1913	1.5903307888040714E-4	0.0	1.5903307888040714E-4		_
com.google.javascript.rhino.Node#InputId#getInputId#?#1124	1.589319771137953E-4	0.0	1.589319771137953E-4		_
com.google.javascript.jscomp.NodeTraversal#void#traverse#?,AbstractCompiler,Node,Callback#454	1.589067217543302E-4	0.0	1.589067217543302E-4		_
com.google.javascript.jscomp.NodeTraversal#void#traverse#?,Node#278	1.589067217543302E-4	0.0	1.589067217543302E-4		_
com.google.javascript.jscomp.NodeTraversal#?#NodeTraversal#?,AbstractCompiler,Callback#222	1.5888147442008263E-4	0.0	1.5888147442008263E-4		_
com.google.javascript.jscomp.SyntacticScopeCreator#?#SyntacticScopeCreator#?,AbstractCompiler#58	1.588310038119441E-4	0.0	1.588310038119441E-4		_
com.google.javascript.jscomp.BasicErrorManager#int#getErrorCount#?#76	1.588057805304113E-4	0.0	1.588057805304113E-4		_
com.google.javascript.rhino.Node#boolean#isScript#?#2339	1.585037248375337E-4	0.0	1.585037248375337E-4		_
com.google.javascript.rhino.Node#Node#getLastChild#?#545	1.5822784810126583E-4	0.0	1.5822784810126583E-4		_
com.google.javascript.jscomp.SourceFile#String#getName#?#183	1.5792798483891344E-4	0.0	1.5792798483891344E-4		_
com.google.javascript.jscomp.SourceFile#void#setCode#?,String#156	1.5790304752881732E-4	0.0	1.5790304752881732E-4		_
com.google.javascript.jscomp.SourceFile#void#setOriginalPath#?,String#164	1.5790304752881732E-4	0.0	1.5790304752881732E-4		_
com.google.javascript.jscomp.SourceFile#Builder#builder#?#357	1.5790304752881732E-4	0.0	1.5790304752881732E-4		_
com.google.javascript.jscomp.SourceFile$Preloaded#?#Preloaded#?,String,String,String#426	1.5790304752881732E-4	0.0	1.5790304752881732E-4		_
com.google.javascript.jscomp.SourceFile$Builder#SourceFile#buildFromCode#?,String,String#393	1.5790304752881732E-4	0.0	1.5790304752881732E-4		_
com.google.javascript.jscomp.SourceFile#SourceFile#fromCode#?,String,String#325	1.5790304752881732E-4	0.0	1.5790304752881732E-4		_
com.google.javascript.jscomp.parsing.IRFactory$TransformDispatcher#boolean#isReservedKeyword#?,String#781	1.5782828282828284E-4	0.0	1.5782828282828284E-4		_
com.google.javascript.jscomp.parsing.IRFactory$TransformDispatcher#Node#processName#?,Name#760	1.5782828282828284E-4	0.0	1.5782828282828284E-4		_
com.google.javascript.jscomp.parsing.IRFactory#Node#newStringNode#?,int,String#1340	1.576789656259855E-4	0.0	1.576789656259855E-4		_
com.google.javascript.rhino.Node#void#setIsSyntheticBlock#?,boolean#1920	1.5693659761456373E-4	0.0	1.5693659761456373E-4		_
com.google.javascript.jscomp.parsing.IRFactory$TransformDispatcher#Node#processAstRoot#?,AstRoot#444	1.5651901706057285E-4	0.0	1.5651901706057285E-4		_
com.google.javascript.jscomp.parsing.IRFactory#Node#createTemplateNode#?#163	1.562744178777934E-4	0.0	1.562744178777934E-4		_
com.google.javascript.rhino.Node#void#setCharno#?,int#1173	1.562744178777934E-4	0.0	1.562744178777934E-4		_
com.google.javascript.jscomp.parsing.IRFactory#Node#justTransform#?,AstNode#377	1.562744178777934E-4	0.0	1.562744178777934E-4		_
com.google.javascript.jscomp.parsing.IRFactory#Node#newNode#?,int#1320	1.562744178777934E-4	0.0	1.562744178777934E-4		_
com.google.javascript.rhino.Node$StringNode#String#getString#?#218	1.5556938394523958E-4	0.0	1.5556938394523958E-4		_
com.google.javascript.rhino.Node#void#putBooleanProp#?,int,boolean#859	1.5477480266212662E-4	0.0	1.5477480266212662E-4		_
com.google.javascript.rhino.Node#Node#getNext#?#549	1.547029702970297E-4	0.0	1.547029702970297E-4		_
com.google.javascript.rhino.Node#Node#newString#?,int,String#517	1.5344483658124905E-4	0.0	1.5344483658124905E-4		_
com.google.javascript.rhino.Node#int#getCharno#?#1145	1.5241579027587258E-4	0.0	1.5241579027587258E-4		_
com.google.javascript.rhino.Node#int#getLineno#?#1141	1.5239256324291374E-4	0.0	1.5239256324291374E-4		_
com.google.javascript.rhino.Node#Node#getFirstChild#?#541	1.5010507355148604E-4	0.0	1.5010507355148604E-4		_
com.google.javascript.rhino.Node#Node#clonePropsFrom#?,Node#775	1.4997000599880023E-4	0.0	1.4997000599880023E-4		_
com.google.javascript.rhino.Node#int#getType#?#529	1.4940983116689077E-4	0.0	1.4940983116689077E-4		_
com.google.javascript.rhino.Node#PropListItem#createProp#?,int,int,PropListItem#874	1.486546751895347E-4	0.0	1.486546751895347E-4		_
com.google.javascript.rhino.Node$IntPropListItem#?#IntPropListItem#?,int,int,PropListItem#336	1.486546751895347E-4	0.0	1.486546751895347E-4		_
com.google.javascript.jscomp.DiagnosticType#DiagnosticType#warning#?,String,String#65	0.0	0.0	0.0		_
com.google.javascript.jscomp.parsing.JsDocInfoParser#void#checkExtendedTypes#?,List<ExtendedTypeInfo>#954	0.0	0.0	0.0	jsdocBuilder.isInterfaceRecorded()	_
com.google.javascript.jscomp.ProcessTweaks$TweakFunction#String#getName#?#165	0.0	0.0	0.0		_
com.google.javascript.jscomp.DiagnosticGroups#DiagnosticGroup#registerGroup#?,String,DiagnosticType#45	0.0	0.0	0.0		_
com.google.javascript.jscomp.DiagnosticType#DiagnosticType#disabled#?,String,String#77	0.0	0.0	0.0		_
com.google.javascript.jscomp.DiagnosticGroup#?#DiagnosticGroup#?,String,DiagnosticGroup#95	0.0	0.0	0.0		_
com.google.javascript.rhino.jstype.ObjectType#String#createDelegateSuffix#?,String#225	0.0	0.0	0.0		_
com.google.javascript.jscomp.parsing.ParserRunner#Set<String>#extractList#?,String#88	0.0	0.0	0.0		_
com.google.javascript.jscomp.DefaultPassConfig#void#assertAllLoopablePasses#?,List<PassFactory>#810	0.0	0.0	0.0		_
com.google.javascript.jscomp.DiagnosticGroup#?#DiagnosticGroup#?,DiagnosticType#54	0.0	0.0	0.0		_
com.google.javascript.jscomp.DiagnosticGroup#?#DiagnosticGroup#?,String,DiagnosticType#47	0.0	0.0	0.0		_
com.google.javascript.jscomp.ProcessTweaks$TweakFunction#?#TweakFunction#?,String,String,int#129	0.0	0.0	0.0		_
com.google.javascript.jscomp.WarningsGuard$Priority#?#Priority#?,int#59	0.0	0.0	0.0		_
com.google.javascript.jscomp.DiagnosticGroups#DiagnosticGroup#registerGroup#?,String,DiagnosticGroup#53	0.0	0.0	0.0		_
com.google.javascript.jscomp.ProcessTweaks$TweakFunction#?#TweakFunction#?,String,String,int,int,TweakFunction#147	0.0	0.0	0.0		_
com.google.javascript.jscomp.ProcessTweaks$TweakFunction#?#TweakFunction#?,String,TweakFunction#138	0.0	0.0	0.0		_
com.google.javascript.jscomp.DiagnosticType#?#DiagnosticType#?,String,CheckLevel,MessageFormat#98	0.0	0.0	0.0		_
com.google.javascript.jscomp.ComposeWarningsGuard#boolean#disables#?,DiagnosticGroup#141	0.0	0.0	0.0		_
com.google.javascript.jscomp.DiagnosticType#DiagnosticType#make#?,String,CheckLevel,String#90	0.0	0.0	0.0		_
com.google.javascript.jscomp.ProcessTweaks$TweakFunction#?#TweakFunction#?,String#124	0.0	0.0	0.0		_
com.google.javascript.jscomp.DiagnosticType#DiagnosticType#error#?,String,String#54	0.0	0.0	0.0		_
com.google.javascript.jscomp.ProcessTweaks$TweakFunction#?#TweakFunction#?,String,String,int,int#134	0.0	0.0	0.0		_
