line	original_score	max_predicate_score	total	predicate	label
com.google.javascript.rhino.Node#String#checkTreeEquals#?,Node#1338	1.0	1.0	0.6		_
com.google.javascript.rhino.Node#String#propToString#?,int#221	1.0	0.0	0.6		_
com.google.javascript.rhino.Token#String#name#?,int#291	0.3333333333333333	0.001128668171557562	0.19999999999999998		_
com.google.javascript.jscomp.InlineVariables$InliningBehavior#boolean#isImmutableAndWellDefinedVariable#?,Var,ReferenceCollection#680	0.16666666666666666	0.16666666666666666	0.09999999999999999		_
com.google.javascript.rhino.Node#void#toString#?,StringBuilder,boolean,boolean,boolean#934	0.09090909090909091	0.2	0.09500000000000001	!(lineno != -1)	_
com.google.javascript.jscomp.InlineVariables$InliningBehavior#void#inlineNonConstants#?,Var,ReferenceCollection#279	0.07142857142857142	0.07142857142857142	0.07142857142857142	!staleVars.contains(candidate.alias)	_
com.google.javascript.rhino.Node#int[]#getSortedPropTypes#?#818	0.05	0.05	0.05	x != null	_
com.google.javascript.jscomp.ReferenceCollectingCallback#boolean#isBlockBoundary#?,Node,Node#177	0.0625	0.0055248618784530384	0.0375		_
com.google.javascript.rhino.Node#void#toStringTreeHelper#?,Node,int,Appendable#1038	0.03571428571428571	0.03571428571428571	0.03571428571428571	cursor != null	_
com.google.javascript.jscomp.ReferenceCollectingCallback$ReferenceCollection#boolean#isAssignedOnceInLifetime#?#357	0.05	0.05	0.03		GT
com.google.javascript.jscomp.ReferenceCollectingCallback$ReferenceCollection#Reference#getOneAndOnlyAssignment#?#378	0.05	0.05	0.03		_
com.google.javascript.jscomp.Normalize$NormalizeStatements#void#extractForInitializer#?,Node,Node,Node#433	0.03225806451612903	0.03225806451612903	0.02911944202266783	init.getType() == Token.VAR	_
com.google.javascript.jscomp.InlineVariables$InliningBehavior#void#inlineWellDefinedVariable#?,Var,Node,List<Reference>#355	0.02702702702702703	0.02702702702702703	0.02702702702702703	!(i < refSet.size())	_
com.google.javascript.jscomp.ReferenceCollectingCallback$BasicBlock#boolean#provablyExecutesBefore#?,BasicBlock#579	0.019230769230769232	0.02857142857142857	0.022967032967032966	!(currentBlock.isHoisted)	_
com.google.javascript.rhino.Node#String#toString#?,boolean,boolean,boolean#884	0.021739130434782608	0.021739130434782608	0.021739130434782608	Token.printTrees	_
com.google.javascript.jscomp.InlineVariables$InliningBehavior#boolean#canInline#?,Reference,Reference,Reference#507	0.029411764705882353	0.029411764705882353	0.019556913674560732	declaration.getBasicBlock() != initialization.getBasicBlock() || declaration.getBasicBlock() != reference.getBasicBlock()	_
com.google.javascript.jscomp.InlineVariables$InliningBehavior#void#blacklistVarReferencesInTree#?,Node,Scope#303	0.025	0.025	0.018695652173913044	root.getType() == Token.NAME	_
com.google.javascript.jscomp.InlineVariables$InliningBehavior#void#collectAliasCandidates#?,NodeTraversal,Map<Var,ReferenceCollection>#184	0.027777777777777776	0.027777777777777776	0.017233560090702947	value != null && value.getType() == Token.NAME	_
com.google.javascript.jscomp.ReferenceCollectingCallback$BasicBlock#BasicBlock#getParent#?#565	0.02857142857142857	0.0	0.01714285714285714		_
com.google.javascript.jscomp.InlineVariables$AliasCandidate#?#AliasCandidate#?,Var,ReferenceCollection#134	0.027777777777777776	0.0	0.016666666666666666		_
com.google.javascript.rhino.Node#void#appendStringTree#?,Appendable#1026	0.027777777777777776	0.0	0.016666666666666666		_
com.google.javascript.rhino.Node#String#toStringTree#?#1012	0.027777777777777776	0.0	0.016666666666666666		_
com.google.javascript.rhino.Node#String#toStringTreeImpl#?#1019	0.027777777777777776	0.0	0.016666666666666666		_
com.google.javascript.jscomp.NodeUtil#int#precedence#?,int#687	0.016666666666666666	0.016666666666666666	0.016666666666666666	9>=0	_
com.google.javascript.jscomp.InlineVariables$InliningBehavior#void#removeDeclaration#?,Reference#388	0.015625	0.015625	0.015625	!varNode.hasChildren()	_
com.google.javascript.rhino.Node#String#toString#?#877	0.025	0.0	0.015		_
com.google.javascript.jscomp.InlineVariables$InliningBehavior#void#inlineValue#?,Var,Reference,Node#407	0.014925373134328358	0.014925373134328358	0.014665801427644388	!(ref.isSimpleAssignmentToName())	_
com.google.javascript.jscomp.NodeUtil#String#opToStr#?,int#1361	0.022222222222222223	0.0	0.013333333333333334		_
com.google.javascript.jscomp.CodeGenerator#void#add#?,Node,Context#332	0.01282051282051282	0.01282051282051282	0.012271062271062269	!(first.getType() == Token.VAR)	_
com.google.javascript.jscomp.ReferenceCollectingCallback#void#visit#?,NodeTraversal,Node,Node#124	0.018518518518518517	0.018518518518518517	0.01111111111111111		_
com.google.javascript.jscomp.ReferenceCollectingCallback#boolean#shouldTraverse#?,NodeTraversal,Node,Node#152	0.018518518518518517	0.018518518518518517	0.01111111111111111		_
com.google.javascript.jscomp.Normalize$NormalizeStatements#void#reportCodeChange#?,String#261	0.010869565217391304	0.010869565217391304	0.010799438990182328	!(assertOnChange)	_
com.google.javascript.jscomp.parsing.IRFactory#int#transformTokenType#?,int#899	0.010638297872340425	0.010638297872340425	0.010638297872340425	Token.LT!=0	_
com.google.javascript.rhino.Node#boolean#isEquivalentTo#?,Node#1589	0.010101010101010102	0.01020408163265306	0.010142238713667285	node.getIntProp(INCRDECR_PROP,0)>=post1	_
com.google.javascript.jscomp.InlineVariables$InliningBehavior#boolean#isValidInitialization#?,Reference#609	0.010309278350515464	0.010309278350515464	0.009892942109436954	initialization.isDeclaration()	_
com.google.javascript.jscomp.ReferenceCollectingCallback$ReferenceCollection#boolean#isNeverAssigned#?#392	0.009433962264150943	0.009433962264150943	0.00927817206162368	ref.isLvalue() || ref.isInitializingDeclaration()	_
com.google.javascript.jscomp.parsing.TypeSafeDispatcher#T#process#?,AstNode#221	0.009009009009009009	0.009009009009009009	0.009009009009009009	node instanceof ForLoop	_
com.google.javascript.jscomp.NodeUtil#Node#getAssignedValue#?,Node#874	0.00909090909090909	0.00909090909090909	0.008323863636363636	isVar(parent)	_
com.google.javascript.jscomp.ReferenceCollectingCallback$ReferenceCollection#boolean#isWellDefined#?#259	0.007936507936507936	0.008547008547008548	0.008180708180708181	!(!initBlock.provablyExecutesBefore(references.get(i).getBasicBlock()))	_
com.google.javascript.jscomp.InlineVariables$InliningBehavior#void#doInlinesForScope#?,NodeTraversal,Map<Var,ReferenceCollection>#216	0.008064516129032258	0.008064516129032258	0.007913306451612903	!(mode == Mode.CONSTANTS_ONLY)	_
com.google.javascript.jscomp.InlineVariables$InliningBehavior#boolean#isInlineableDeclaredConstant#?,Var,ReferenceCollection#424	0.008264462809917356	0.008264462809917356	0.00778339706426545	!identifyConstants.apply(var)	_
com.google.javascript.jscomp.ReferenceCollectingCallback$ReferenceCollection#Reference#getInitializingReference#?#329	0.007692307692307693	0.007692307692307693	0.007393469839513006	isInitializingDeclarationAt(0)	_
com.google.javascript.jscomp.ReferenceCollectingCallback$Reference#boolean#isSimpleAssignmentToName#?#505	0.012195121951219513	0.0	0.007317073170731707		_
com.google.javascript.jscomp.ReferenceCollectingCallback$Reference#boolean#isLhsOfForInExpression#?,Node#498	0.007246376811594203	0.007246376811594203	0.007246376811594203	!(parent.getType() == Token.VAR)	_
com.google.javascript.jscomp.ReferenceCollectingCallback$ReferenceCollection#boolean#isInitializingDeclarationAt#?,int#292	0.007194244604316547	0.007194244604316547	0.0069317518957806735	maybeInit.isInitializingDeclaration()	_
com.google.javascript.jscomp.CodeGenerator#void#addNonEmptyExpression#?,Node,Context,boolean#664	0.003787878787878788	0.011494252873563218	0.00681992337164751	!(count == 1)	_
com.google.javascript.jscomp.InlineVariables$InliningBehavior#boolean#isValidReference#?,Reference#627	0.010526315789473684	0.0	0.00631578947368421		_
com.google.javascript.jscomp.ReferenceCollectingCallback#void#addReference#?,NodeTraversal,Var,Reference#195	0.005747126436781609	0.005988023952095809	0.00584348544290729	!(referenceInfo == null)	_
com.google.javascript.jscomp.parsing.IRFactory$TransformDispatcher#Node#processForLoop#?,ForLoop#488	0.009009009009009009	0.0	0.005405405405405405		_
com.google.javascript.jscomp.ReferenceCollectingCallback$Reference#Node#getAssignedValue#?#476	0.008620689655172414	0.0	0.005172413793103448		_
com.google.javascript.jscomp.InlineVariables$InliningBehavior#boolean#isValidDeclaration#?,Reference#598	0.008333333333333333	0.0	0.005		_
com.google.javascript.jscomp.InlineVariables#Predicate<Var>#getFilterForMode#?#93	0.008264462809917356	0.0	0.0049586776859504135		_
com.google.javascript.jscomp.ReferenceCollectingCallback$Reference#Node#getGrandparent#?#493	0.008	0.0	0.0048		_
com.google.javascript.jscomp.parsing.IRFactory$TransformDispatcher#Node#processUnaryExpression#?,UnaryExpression#792	0.007518796992481203	0.007518796992481203	0.0046976596420629044	exprNode.isPostfix()	_
com.google.javascript.jscomp.InlineVariables$InliningBehavior#boolean#isVarInlineForbidden#?,Var#318	0.007407407407407408	0.0	0.0044444444444444444		_
com.google.javascript.jscomp.InlineVariables$IdentifyConstants#boolean#apply#?,Var#114	0.007407407407407408	0.0	0.0044444444444444444		_
com.google.javascript.jscomp.ReferenceCollectingCallback$Reference#Node#getParent#?#485	0.007246376811594203	0.0	0.004347826086956522		_
com.google.javascript.jscomp.Normalize$VerifyConstants#void#visit#?,NodeTraversal,Node,Node#196	0.0070921985815602835	0.0070921985815602835	0.00425531914893617		_
com.google.javascript.jscomp.ReferenceCollectingCallback$Reference#boolean#isLvalue#?#510	0.006944444444444444	0.0	0.004166666666666667		_
com.google.javascript.jscomp.ReferenceCollectingCallback$Reference#boolean#isInitializingDeclaration#?#467	0.006756756756756757	0.0	0.004054054054054054		_
com.google.javascript.jscomp.ReferenceCollectingCallback$Reference#BasicBlock#getBasicBlock#?#481	0.006369426751592357	0.0	0.003821656050955414		_
com.google.javascript.jscomp.InlineVariables$InliningBehavior#void#afterExitScope#?,NodeTraversal,Map<Var,ReferenceCollection>#161	0.006329113924050633	0.0	0.0037974683544303796		_
com.google.javascript.jscomp.InlineVariables#?#InlineVariables#?,AbstractCompiler,Mode,boolean#78	0.006329113924050633	0.0	0.0037974683544303796		_
com.google.javascript.jscomp.InlineVariables#void#process#?,Node,Node#87	0.006329113924050633	0.0	0.0037974683544303796		_
com.google.javascript.jscomp.CodeGenerator#int#getNonEmptyChildCount#?,Node#930	0.003703703703703704	0.003703703703703704	0.003703703703703704	c.getType() != Token.EMPTY	_
com.google.javascript.jscomp.ReferenceCollectingCallback$Reference#Node#getNameNode#?#489	0.006172839506172839	0.0	0.0037037037037037034		_
com.google.javascript.jscomp.Scope$Var#boolean#isConst#?#178	0.006134969325153374	0.0	0.0036809815950920245		_
com.google.javascript.jscomp.ReferenceCollectingCallback$Reference#boolean#isDeclaration#?#448	0.005780346820809248	0.0	0.0034682080924855487		_
com.google.javascript.jscomp.ReferenceCollectingCallback$Reference#?#Reference#?,Node,Node,Node,BasicBlock,Scope,String#441	0.005747126436781609	0.0	0.0034482758620689655		_
com.google.javascript.jscomp.ReferenceCollectingCallback$Reference#?#Reference#?,Node,Node,NodeTraversal,BasicBlock#425	0.005747126436781609	0.0	0.0034482758620689655		_
com.google.javascript.jscomp.ReferenceCollectingCallback$ReferenceCollection#void#add#?,Reference,NodeTraversal,Var#231	0.005747126436781609	0.0	0.0034482758620689655		_
com.google.javascript.jscomp.NodeUtil#void#removeChild#?,Node,Node#1091	0.003424657534246575	0.003424657534246575	0.0034176445836645005	isStatementBlock(parent) || isSwitchCase(node) || isTryFinallyNode(parent,node)	_
com.google.javascript.jscomp.ReferenceCollectingCallback#void#process#?,Node,Node#100	0.0055248618784530384	0.0	0.003314917127071823		_
com.google.javascript.rhino.Node#void#addChildBefore#?,Node,Node#638	0.003703703703703704	0.0036900369003690036	0.003166155605218024	first == node	_
com.google.javascript.jscomp.MakeDeclaredNamesUnique$ContextualRenamer#int#incrementNameCount#?,String#448	0.003048780487804878	0.003278688524590164	0.0031407437025189923	nameUsage.add(name,1)==0	_
com.google.javascript.jscomp.MakeDeclaredNamesUnique$ContextualRenamer#void#addDeclaredName#?,String#422	0.003048780487804878	0.003278688524590164	0.0031407437025189923	!(id != 0)	_
com.google.javascript.jscomp.ReferenceCollectingCallback#void#enterScope#?,NodeTraversal#134	0.005154639175257732	0.0	0.003092783505154639		_
com.google.javascript.jscomp.ReferenceCollectingCallback#void#exitScope#?,NodeTraversal#141	0.005154639175257732	0.0	0.003092783505154639		_
com.google.javascript.jscomp.ReferenceCollectingCallback$BasicBlock#?#BasicBlock#?,BasicBlock,Node#559	0.005154639175257732	0.0	0.003092783505154639		GT
com.google.javascript.jscomp.ReferenceCollectingCallback#?#ReferenceCollectingCallback#?,AbstractCompiler,Behavior,Predicate<Var>#90	0.005154639175257732	0.0	0.003092783505154639		_
com.google.javascript.jscomp.NodeUtil#boolean#isImmutableValue#?,Node#191	0.0048543689320388345	0.0	0.0029126213592233006		_
com.google.javascript.jscomp.Normalize$PropogateConstantAnnotations#void#visit#?,NodeTraversal,Node,Node#137	0.004629629629629629	0.004629629629629629	0.0027777777777777775		_
com.google.javascript.rhino.Node#?#Node#?,int,Node,Node,Node#412	0.0027624309392265192	0.0027624309392265192	0.0027624309392265192	-1<nodeType	_
com.google.javascript.jscomp.CodeGenerator#Context#getContextForNonEmptyExpression#?,Context#963	0.004464285714285714	0.0	0.002678571428571428		_
com.google.javascript.jscomp.CodeConsumer#void#addOp#?,String,boolean#257	5.497526113249038E-4	0.005813953488372093	0.002650432505256796	!(binOp)	_
com.google.javascript.jscomp.Scope$Var#int#hashCode#?#268	0.002631578947368421	0.002631578947368421	0.002631578947368421	nameNode.hashCode()!=0	_
com.google.javascript.jscomp.Normalize$NormalizeStatements#void#moveNamedFunctions#?,Node#493	0.002544529262086514	0.002544529262086514	0.002544529262086514	current != null	_
com.google.javascript.jscomp.Normalize$NormalizeStatements#void#normalizeFunctionDeclaration#?,Node#306	0.002012072434607646	0.002012072434607646	0.002012072434607646	!(!NodeUtil.isFunctionExpression(n) && !NodeUtil.isHoistedFunctionDeclaration(n))	_
com.google.javascript.jscomp.MakeDeclaredNamesUnique#boolean#shouldTraverse#?,NodeTraversal,Node,Node#117	0.0018315018315018315	0.0018552875695732839	0.0018410161267304126	!(name != null && !name.isEmpty() && parent != null && !NodeUtil.isFunctionDeclaration(n))	_
com.google.javascript.jscomp.CodeGenerator#void#addList#?,Node,boolean,Context#743	0.0030303030303030303	0.0030303030303030303	0.0018181818181818182		_
com.google.javascript.jscomp.MakeDeclaredNamesUnique#void#findDeclaredNames#?,Node,Node,Renamer#195	0.002577319587628866	0.002577319587628866	0.0017962339575005259	NodeUtil.isFunctionDeclaration(n)	_
com.google.javascript.rhino.Node#void#replaceChild#?,Node,Node#698	0.0021321961620469083	0.0027472527472527475	0.0017885562713148922	!(child == last)	_
com.google.javascript.jscomp.NodeUtil#boolean#isControlStructure#?,Node#976	0.0029585798816568047	0.0	0.0017751479289940828		_
com.google.javascript.jscomp.Normalize$NormalizeStatements#void#splitVarDeclarations#?,Node#459	0.0016778523489932886	0.0016778523489932886	0.0016778523489932886	!(assertOnChange && !c.hasChildren())	_
com.google.javascript.jscomp.parsing.IRFactory#Node#transformBlock#?,AstNode#171	0.0014285714285714286	0.0019230769230769232	0.0016263736263736265	!(irNode.getType() != Token.BLOCK)	_
com.google.javascript.jscomp.NodeUtil#boolean#isVar#?,Node#852	0.00267379679144385	0.0	0.00160427807486631		_
com.google.javascript.jscomp.Normalize$NormalizeStatements#void#doStatementNormalizations#?,NodeTraversal,Node,Node#367	0.002012072434607646	0.002012072434607646	0.001571112498747273	n.getType() == Token.FUNCTION	_
com.google.javascript.jscomp.CodeConsumer#void#listSeparator#?#153	0.002551020408163265	0.0	0.001530612244897959		_
com.google.javascript.jscomp.MakeDeclaredNamesUnique#void#exitScope#?,NodeTraversal#100	0.0018315018315018315	0.0018315018315018315	0.0014979068550497123	!t.inGlobalScope()	_
com.google.javascript.jscomp.MakeDeclaredNamesUnique#void#enterScope#?,NodeTraversal#68	0.0018315018315018315	0.0018315018315018315	0.0014979068550497123	!(nameStack.isEmpty())	_
com.google.javascript.rhino.Node$NumberNode#double#getDouble#?#259	8.319467554076539E-4	0.0024096385542168677	0.0014630234749313394	this.number==0	_
com.google.javascript.jscomp.Normalize#void#process#?,Node,Node#91	0.001310615989515072	0.001310615989515072	0.001310615989515072	MAKE_LOCAL_NAMES_UNIQUE	_
com.google.javascript.jscomp.NodeUtil#boolean#isForIn#?,Node#925	0.002145922746781116	0.0	0.0012875536480686696		_
com.google.javascript.jscomp.MakeDeclaredNamesUnique#void#visit#?,NodeTraversal,Node,Node#146	0.0018315018315018315	0.0012787723785166241	0.0012768150738556292	!(newName != null)	_
com.google.javascript.jscomp.MakeDeclaredNamesUnique#String#getReplacementName#?,String#176	0.0012787723785166241	0.001277139208173691	0.001276161805718456	!(newName != null)	_
com.google.javascript.jscomp.parsing.IRFactory$TransformDispatcher#Node#processParenthesizedExpression#?,ParenthesizedExpression#670	0.0021008403361344537	0.0	0.0012605042016806721		_
com.google.javascript.jscomp.Normalize$NormalizeStatements#void#visit#?,NodeTraversal,Node,Node#292	0.002012072434607646	0.0	0.0012072434607645875		_
com.google.javascript.jscomp.NodeUtil#boolean#isHoistedFunctionDeclaration#?,Node#1204	0.0019083969465648854	0.0	0.0011450381679389311		_
com.google.javascript.jscomp.SyntacticScopeCreator#void#scanVars#?,Node,Node#140	0.0011299435028248588	0.0011299435028248588	0.00112613470450073	!(fnName.isEmpty())	_
com.google.javascript.jscomp.MakeDeclaredNamesUnique$ContextualRenamer#Renamer#forChildScope#?#406	0.0018552875695732839	0.0	0.0011131725417439704		_
com.google.javascript.jscomp.MakeDeclaredNamesUnique$ContextualRenamer#?#ContextualRenamer#?,Multiset<String>#397	0.0018552875695732839	0.0	0.0011131725417439704		_
com.google.javascript.jscomp.NodeTraversal#void#traverseRoots#?,List<Node>#265	0.0010449320794148381	0.0010438413361169101	0.0010438413361169101	!(roots.isEmpty())	_
com.google.javascript.jscomp.CodeConsumer#void#endFunction#?,boolean#198	0.0010030090270812437	0.0014084507042253522	9.978480586633487E-4	!(statementContext)	_
com.google.javascript.rhino.Node#Node#copyInformationFrom#?,Node#1859	9.345794392523365E-4	9.345794392523365E-4	9.345794392523365E-4	getProp(SOURCEFILE_PROP) == null	_
com.google.javascript.jscomp.CodeConsumer#void#add#?,String#214	0.0015360983102918587	0.0015360983102918587	9.216589861751152E-4		_
com.google.javascript.jscomp.parsing.IRFactory$TransformDispatcher#Node#processScope#?,Scope#708	0.0015290519877675841	0.0	9.174311926605504E-4		_
com.google.javascript.jscomp.NodeTraversal#Node#getScopeRoot#?#597	9.337068160597573E-4	9.337068160597573E-4	9.072905556053975E-4	!(scopeRoots.isEmpty())	_
com.google.javascript.jscomp.Normalize$VerifyConstants#void#process#?,Node,Node#185	0.0014947683109118087	0.0	8.968609865470852E-4		_
com.google.javascript.jscomp.Normalize$VerifyConstants#?#VerifyConstants#?,AbstractCompiler,boolean#175	0.0014947683109118087	0.0	8.968609865470852E-4		_
com.google.javascript.jscomp.CodeConsumer#void#addNumber#?,double#274	8.771929824561404E-4	8.802816901408451E-4	8.784284655300222E-4	!(x >= 100)	_
com.google.javascript.rhino.Node#void#removeChild#?,Node#673	0.0012391573729863693	0.0015337423312883436	8.692514082186622E-4	!(child == last)	_
com.google.javascript.jscomp.SyntacticScopeCreator#void#scanRoot#?,Node,Scope#95	8.613264427217916E-4	8.741258741258741E-4	8.664462152834245E-4	!(!fnName.isEmpty() && NodeUtil.isFunctionExpression(n))	_
com.google.javascript.rhino.Node#void#removeProp#?,int#747	8.46740050804403E-4	8.703220191470844E-4	8.561728381414756E-4	!(x != null)	_
com.google.javascript.jscomp.NodeUtil#boolean#isConstantName#?,Node#1978	0.0014265335235378032	0.0	8.559201141226819E-4		_
com.google.javascript.jscomp.MakeDeclaredNamesUnique$ContextualRenamer#void#reserveName#?,String#444	0.0013315579227696406	0.0	7.989347536617843E-4		_
com.google.javascript.jscomp.Compiler#void#setNormalized#?#876	0.0013175230566534915	0.0	7.905138339920949E-4		_
com.google.javascript.jscomp.SyntacticScopeCreator#?#SyntacticScopeCreator#?,AbstractCompiler,RedeclarationHandler#64	0.001310615989515072	0.0	7.863695937090433E-4		_
com.google.javascript.jscomp.Normalize#void#removeDuplicateDeclarations#?,Node#533	0.001310615989515072	0.0	7.863695937090433E-4		_
com.google.javascript.jscomp.Normalize$PropogateConstantAnnotations#void#process#?,Node,Node#129	0.001310615989515072	0.0	7.863695937090433E-4		_
com.google.javascript.jscomp.Normalize$ScopeTicklingCallback#void#enterScope#?,NodeTraversal#648	0.001310615989515072	0.0	7.863695937090433E-4		_
com.google.javascript.jscomp.Normalize$ScopeTicklingCallback#boolean#shouldTraverse#?,NodeTraversal,Node,Node#659	0.001310615989515072	0.0	7.863695937090433E-4		_
com.google.javascript.jscomp.Normalize#?#Normalize#?,AbstractCompiler,boolean#75	0.0013089005235602095	0.0	7.853403141361257E-4		_
com.google.javascript.jscomp.MakeDeclaredNamesUnique$ContextualRenamer#?#ContextualRenamer#?#390	0.001303780964797914	0.0	7.822685788787483E-4		_
com.google.javascript.jscomp.MakeDeclaredNamesUnique$ContextualRenamer#String#getReplacementName#?,String#433	0.001303780964797914	0.0	7.822685788787483E-4		_
com.google.javascript.jscomp.MakeDeclaredNamesUnique#?#MakeDeclaredNamesUnique#?#53	0.001303780964797914	0.0	7.822685788787483E-4		_
com.google.javascript.jscomp.Normalize$NormalizeStatements#?#NormalizeStatements#?,AbstractCompiler,boolean#256	0.001277139208173691	0.0	7.662835249042146E-4		_
com.google.javascript.jscomp.Normalize$NormalizeStatements#boolean#shouldTraverse#?,NodeTraversal,Node,Node#272	0.001277139208173691	0.0	7.662835249042146E-4		_
com.google.javascript.jscomp.NodeTraversal#void#traverseRoots#?,Node#261	0.0012755102040816326	0.0	7.653061224489796E-4		_
com.google.javascript.jscomp.Scope$Var#JSDocInfo#getJSDocInfo#?#214	0.0012195121951219512	0.0	7.317073170731707E-4		_
com.google.javascript.jscomp.NodeTraversal#void#traverseRoots#?,AbstractCompiler,List<Node>,Callback#434	0.001218026796589525	0.0	7.308160779537149E-4		_
com.google.javascript.jscomp.SyntacticScopeCreator#Scope#createScope#?,Node,Scope#70	9.46073793755913E-4	9.46073793755913E-4	7.189516514410712E-4	!(parent == null)	_
com.google.javascript.rhino.Node#Node#getChildBefore#?,Node#547	0.0011299435028248588	0.0011299435028248588	7.028135215312813E-4	child == first	_
com.google.javascript.jscomp.CodeGenerator#void#addExpr#?,Node,int#712	0.00117096018735363	0.0	7.02576112412178E-4		_
com.google.javascript.jscomp.NodeTraversal#int#getScopeDepth#?#612	6.882312456985547E-4	6.882312456985547E-4	6.882312456985547E-4	scopes.size() + scopeRoots.size()>0	_
com.google.javascript.jscomp.CodeConsumer#void#endBlock#?,boolean#146	6.724949562878278E-4	6.944444444444445E-4	6.812747515504745E-4	!(shouldEndLine)	_
com.google.javascript.jscomp.CodeConsumer#void#beginBlock#?#130	6.724949562878278E-4	6.807351940095302E-4	6.757910513765088E-4	!(statementNeedsEnded)	_
com.google.javascript.jscomp.DefaultCodingConvention#boolean#isExported#?,String#66	0.0011074197120708748	0.0	6.644518272425248E-4		_
com.google.javascript.jscomp.GoogleCodingConvention#boolean#isExported#?,String,boolean#125	0.0010615711252653928	0.0	6.369426751592356E-4		_
com.google.javascript.jscomp.Normalize$PropogateConstantAnnotations#?#PropogateConstantAnnotations#?,AbstractCompiler,boolean#124	0.0010570824524312897	0.0	6.342494714587737E-4		_
com.google.javascript.rhino.Node#NodeMismatch#checkTreeEqualsImpl#?,Node#1376	7.710100231303007E-4	9.354536950420954E-4	6.183817222170825E-4	!(type == node2.getType() && getChildCount() == node2.getChildCount() && getNodeClass(this) == getNodeClass(node2))	_
com.google.javascript.jscomp.Scope#?#Scope#?,Scope,Node#289	0.0010030090270812437	0.0010030090270812437	6.057723118212462E-4	!(nodeType != null && nodeType instanceof FunctionType)	_
com.google.javascript.jscomp.CodePrinter$CompactCodePrinter#void#maybeLineBreak#?#493	5.141388174807198E-4	7.390983000739098E-4	6.041226105179958E-4	!(preferredBreakPosition == len - 1)	_
com.google.javascript.jscomp.NodeUtil#boolean#isVarDeclaration#?,Node#864	0.001002004008016032	0.0	6.012024048096192E-4		_
com.google.javascript.jscomp.SyntacticScopeCreator#void#declareVar#?,String,Node,Node,Node,JSType,Node#244	5.941770647653001E-4	5.941770647653001E-4	5.941770647653001E-4	!(scope.isDeclared(name,false) || (scope.isLocal() && name.equals(ARGUMENTS)))	_
com.google.javascript.jscomp.NodeUtil#boolean#isName#?,Node#838	9.407337723424271E-4	0.0	5.644402634054562E-4		_
com.google.javascript.rhino.Node#int#mergeLineCharNo#?,int,int#1117	5.488474204171241E-4	5.488474204171241E-4	5.488474204171241E-4	-1<0	_
com.google.javascript.rhino.Node$NumberNode#boolean#isEquivalentTo#?,Node#269	8.718395815170009E-4	0.0	5.231037489102005E-4		_
com.google.javascript.rhino.Node#void#putProp#?,int,Object#794	8.481764206955047E-4	8.481764206955047E-4	5.089058524173028E-4		_
com.google.javascript.jscomp.CodeConsumer#void#maybeEndStatement#?#183	6.265664160401002E-4	6.265664160401002E-4	5.073659759153983E-4	statementNeedsEnded	_
com.google.javascript.jscomp.PrepareAst$PrepareAnnotations#void#visit#?,NodeTraversal,Node,Node#174	4.405286343612335E-4	5.241090146750524E-4	4.739607864867611E-4	!(parent.getType() == Token.NAME)	_
com.google.javascript.jscomp.CodePrinter$CompactCodePrinter#void#maybeCutLine#?#508	4.585052728106373E-4	4.585052728106373E-4	4.585052728106373E-4	!(lineLength > lineLengthThreshold)	_
com.google.javascript.rhino.Node$NodeMismatch#?#NodeMismatch#?,Node,Node#2079	7.627765064836003E-4	0.0	4.576659038901602E-4		_
com.google.javascript.jscomp.LineNumberCheck#void#visit#?,NodeTraversal,Node,Node#70	4.476275738585497E-4	4.488330341113106E-4	4.476275738585497E-4	!(n.getLineno() == -1)	_
com.google.javascript.jscomp.CodeGenerator#void#addExpr#?,Node,int,Context#716	4.420866489832007E-4	4.420866489832007E-4	4.420866489832007E-4	!((NodeUtil.precedence(n.getType()) < minPrecedence) || ((context == Context.IN_FOR_INIT_CLAUSE) && (n.getType() == Token.IN)))	_
com.google.javascript.jscomp.LineNumberCheck#boolean#shouldTraverse#?,NodeTraversal,Node,Node#60	4.4365572315882877E-4	4.4365572315882877E-4	4.368656615073707E-4	n.getType() == Token.SCRIPT	_
com.google.javascript.jscomp.CodeConsumer#void#endStatement#?,boolean#172	4.366812227074236E-4	4.366812227074236E-4	4.366812227074236E-4	statementStarted	_
com.google.javascript.jscomp.Scope#Var#getVar#?,String#431	5.707762557077625E-4	5.707762557077625E-4	4.365715227621054E-4	!(parent != null)	_
com.google.javascript.jscomp.CodeGenerator#String#identifierEscape#?,String#906	4.351610095735422E-4	4.351610095735422E-4	4.351610095735422E-4	NodeUtil.isLatin(s)	_
com.google.javascript.jscomp.CodePrinter$CompactCodePrinter#char#getLastChar#?#440	4.3084877208099956E-4	4.4014084507042255E-4	4.3456560127676876E-4	(code.length() > 0) ? code.charAt(code.length() - 1) : '\0'==0	_
com.google.javascript.jscomp.NodeUtil#boolean#isLatin#?,String#1618	4.342162396873643E-4	4.342162396873643E-4	4.342162396873643E-4	index < len	_
com.google.javascript.rhino.jstype.InstanceObjectType#boolean#defineProperty#?,String,JSType,boolean,boolean#90	4.284490145672665E-4	4.284490145672665E-4	4.2844901456726646E-4	!(proto != null && proto.hasOwnDeclaredProperty(name))	_
com.google.javascript.jscomp.Compiler#void#reportCodeChange#?#1515	6.954102920723226E-4	0.0	4.1724617524339355E-4		_
com.google.javascript.jscomp.CodeChangeHandler$RecentChange#void#reportChange#?#39	6.954102920723226E-4	0.0	4.1724617524339355E-4		_
com.google.javascript.jscomp.ComposeWarningsGuard#void#addGuard#?,WarningsGuard#60	4.154549231408392E-4	4.154549231408392E-4	4.1545492314083927E-4	index < 0	_
com.google.javascript.jscomp.CompilerOptions#void#addWarningsGuard#?,WarningsGuard#814	4.154549231408392E-4	4.152823920265781E-4	4.1538591069513475E-4	warningsGuard == null	_
com.google.javascript.jscomp.NodeTraversal#void#traverseFunction#?,Node,Node#500	6.426735218508997E-4	6.426735218508997E-4	4.148810868045366E-4	isFunctionExpression	_
com.google.javascript.jscomp.CodePrinter#String#toSource#?,Node,Format,boolean,int,SourceMap,Charset#654	4.1254125412541255E-4	4.1425020712510354E-4	4.13224835325289E-4	!(createSourceMap)	_
com.google.javascript.jscomp.CodePrinter$MappedCodePrinter#void#startSourceMapping#?,Node#85	4.1254125412541255E-4	4.137360364087712E-4	4.13019167038756E-4	!(createSrcMap && node.getProp(Node.SOURCEFILE_PROP) != null && node.getLineno() > 0)	_
com.google.javascript.jscomp.CodePrinter$MappedCodePrinter#void#endSourceMapping#?,Node#108	4.1254125412541255E-4	4.137360364087712E-4	4.13019167038756E-4	!(createSrcMap && node.getProp(Node.SOURCEFILE_PROP) != null && node.getLineno() > 0)	_
com.google.javascript.jscomp.NodeTraversal#boolean#inGlobalScope#?#608	6.882312456985547E-4	0.0	4.129387474191328E-4		_
com.google.javascript.jscomp.CodeGenerator#?#CodeGenerator#?,CodeConsumer,Charset#49	4.1254125412541255E-4	4.1254125412541255E-4	4.1254125412541255E-4	outputCharset == null || outputCharset == Charsets.US_ASCII	_
com.google.javascript.jscomp.CodePrinter$Builder#String#build#?#611	4.1254125412541255E-4	4.1254125412541255E-4	4.1254125412541255E-4	!(root == null)	_
com.google.javascript.jscomp.parsing.IRFactory$TransformDispatcher#Node#processFunctionCall#?,FunctionCall#501	6.854009595613434E-4	0.0	4.1124057573680605E-4		_
com.google.javascript.jscomp.CodeConsumer#boolean#breakAfterBlockFor#?,Node,boolean#312	6.839945280437756E-4	0.0	4.103967168262654E-4		_
com.google.javascript.jscomp.CodeConsumer#void#appendBlockEnd#?#110	6.793478260869565E-4	0.0	4.076086956521739E-4		_
com.google.javascript.jscomp.CodeConsumer#void#appendBlockStart#?#106	6.793478260869565E-4	0.0	4.076086956521739E-4		_
com.google.javascript.rhino.Node#Class#getNodeClass#?,Node#1362	4.0766408479412964E-4	4.0766408479412964E-4	4.075644114237643E-4	!(c == FunctionNode.class || c == ScriptOrFnNode.class)	_
com.google.javascript.jscomp.parsing.IRFactory$TransformDispatcher#Node#processFunctionNode#?,FunctionNode#515	6.090133982947625E-4	6.090133982947625E-4	4.0034517123013074E-4	name == null	_
com.google.javascript.jscomp.BasicErrorManager#int#getWarningCount#?#79	3.9261876717707107E-4	4.1152263374485596E-4	4.0018031380418504E-4	warningCount==0	_
com.google.javascript.rhino.Node#Node#cloneTree#?#1840	3.9872408293460925E-4	3.9872408293460925E-4	3.9636290597289624E-4	!(result.first == null)	_
com.google.javascript.jscomp.Compiler#Node#parseInputs#?#1025	3.946329913180742E-4	3.9494470774091627E-4	3.946329913180742E-4	!(hasErrors())	_
com.google.javascript.rhino.Node#boolean#hasChild#?,Node#1324	3.9323633503735744E-4	3.9323633503735744E-4	3.9323633503735744E-4	child == n	_
com.google.javascript.rhino.jstype.JSTypeRegistry#FunctionType#createFunctionType#?,JSType,boolean,JSType#1096	3.862495171881035E-4	3.862495171881035E-4	3.859812883567229E-4	lastVarArgs	_
com.google.javascript.rhino.jstype.JSTypeRegistry#Node#createParameters#?,boolean,JSType#1078	3.850596842510589E-4	3.850596842510589E-4	3.843501692858362E-4	!(lastVarArgs && i == max)	_
com.google.javascript.rhino.jstype.FunctionType#boolean#defineProperty#?,String,JSType,boolean,boolean#432	3.8402457757296467E-4	3.8402457757296467E-4	3.8287998769712627E-4	!(objType.isEquivalentTo(prototype))	_
com.google.javascript.jscomp.parsing.IRFactory#int#position2charno#?,int#267	2.101723413198823E-4	6.067961165048543E-4	3.688218513938711E-4	position<0	_
com.google.javascript.rhino.Node#void#setLineno#?,int#1102	2.0863759649488838E-4	6.090133982947625E-4	3.68787917214838E-4	mergeLineCharNo(lineno,charno)<charno	_
com.google.javascript.rhino.jstype.FunctionType#void#setPrototypeBasedOn#?,ObjectType#274	3.667033370003667E-4	3.667033370003667E-4	3.666226837737537E-4	prototype == null	_
com.google.javascript.jscomp.Compiler#void#initCompilerOptionsIfTesting#?#1139	3.4246575342465754E-4	3.894080996884735E-4	3.6124269193018395E-4	!(options == null)	_
com.google.javascript.rhino.Node#void#setCharno#?,int#1106	2.0863759649488838E-4	5.711022272986865E-4	3.536234488164076E-4	mergeLineCharNo(getLineno(),charno)==charno	_
com.google.javascript.jscomp.NodeUtil#boolean#isStatement#?,Node#1060	5.824111822947001E-4	0.0	3.4944670937682004E-4		_
com.google.javascript.rhino.jstype.InstanceObjectType#String#toString#?#98	3.4048348655090226E-4	3.4048348655090226E-4	3.4048348655090226E-4	constructor.hasReferenceName()	_
com.google.javascript.jscomp.parsing.IRFactory#Node#transform#?,AstNode#209	2.6123301985370953E-4	5.339028296849973E-4	3.3874368977093196E-4	position2charno(node.getAbsolutePosition())==lineno	_
com.google.javascript.rhino.Node#int#getIntProp#?,int,int#781	3.354579000335458E-4	3.363605785401951E-4	3.358189714362055E-4	item.intValue!=0	_
com.google.javascript.jscomp.Compiler#void#initOptions#?,CompilerOptions#215	3.372681281618887E-4	3.372681281618887E-4	3.348406068129061E-4	outStream == null	_
com.google.javascript.jscomp.CodeGenerator#void#addList#?,Node#728	5.52791597567717E-4	0.0	3.316749585406302E-4		_
com.google.javascript.jscomp.CodeConsumer#void#appendOp#?,String,boolean#229	5.449591280653951E-4	0.0	3.2697547683923706E-4		_
com.google.javascript.jscomp.parsing.IRFactory$TransformDispatcher#Node#processVariableInitializer#?,VariableInitializer#810	3.6443148688046647E-4	3.6443148688046647E-4	3.26658937833284E-4	initializerNode.getInitializer() != null	_
com.google.javascript.jscomp.NodeUtil#boolean#isAssignmentOp#?,Node#769	5.310674455655868E-4	0.0	3.186404673393521E-4		_
com.google.javascript.jscomp.CodeGenerator#Context#getContextForNoInOperator#?,Context#972	5.293806246691371E-4	0.0	3.1762837480148225E-4		_
com.google.javascript.jscomp.NodeUtil#boolean#isStatementBlock#?,Node#1042	5.221932114882506E-4	0.0	3.1331592689295035E-4		_
com.google.javascript.jscomp.Scope#Var#declare#?,String,Node,JSType,CompilerInput#367	5.213764337851929E-4	0.0	3.1282586027111576E-4		_
com.google.javascript.rhino.jstype.FunctionType#int#hashCode#?#610	2.4348672997321646E-4	4.161464835622139E-4	3.1255063140881546E-4	isInterface() ? getReferenceName().hashCode() : call.hashCode()<=0	_
com.google.javascript.rhino.jstype.ArrowType#int#hashCode#?#206	2.442598925256473E-4	4.161464835622139E-4	3.1255063140881546E-4	hashCode<0	_
com.google.javascript.jscomp.parsing.IRFactory$TransformDispatcher#Node#transformAsString#?,AstNode#301	3.125E-4	3.125E-4	3.1232438339057135E-4	ret.getType() == Token.NAME	_
com.google.javascript.rhino.jstype.FunctionParamBuilder#boolean#addVarArgs#?,JSType#104	2.444390124663896E-4	3.8684719535783365E-4	3.014022856229672E-4	!(!type.isEmptyType())	_
com.google.javascript.jscomp.Compiler#JSTypeRegistry#getTypeRegistry#?#945	3.8880248833592535E-4	3.8880248833592535E-4	2.962009484410524E-4	typeRegistry == null	_
com.google.javascript.rhino.jstype.FunctionType#boolean#setPrototype#?,FunctionPrototypeType#301	2.380952380952381E-4	3.8153376573826786E-4	2.9533472418303316E-4	!(superClass != null)	_
com.google.javascript.rhino.jstype.PrototypeObjectType#?#PrototypeObjectType#?,JSTypeRegistry,String,ObjectType,boolean#109	3.862495171881035E-4	3.862495171881035E-4	2.941971293432275E-4	nativeType	_
com.google.javascript.rhino.jstype.FunctionType#void#addSubType#?,FunctionType#767	3.6886757654002215E-4	3.6886757654002215E-4	2.904041734731517E-4	subTypes == null	_
com.google.javascript.jscomp.NodeTraversal#Scope#getScope#?#575	2.92654375182909E-4	2.92654375182909E-4	2.886836027713626E-4	!(it.hasNext())	_
com.google.javascript.jscomp.JsAst#Node#getAstRoot#?,AbstractCompiler#50	2.155636990730761E-4	3.9385584875935406E-4	2.8688055894758726E-4	!(root == null)	_
com.google.javascript.jscomp.parsing.IRFactory$TransformDispatcher#Node#processNumberLiteral#?,NumberLiteral#637	4.7551117451260106E-4	0.0	2.853067047075606E-4		_
com.google.javascript.rhino.Node#Node#newNumber#?,double#499	4.701457451810061E-4	0.0	2.8208744710860365E-4		_
com.google.javascript.rhino.Node$NumberNode#?#NumberNode#?,double#249	4.701457451810061E-4	0.0	2.8208744710860365E-4		_
com.google.javascript.jscomp.Scope#boolean#isDeclared#?,String,boolean#446	2.817695125387433E-4	2.817695125387433E-4	2.817695125387433E-4	!(scope.parent != null && recurse)	_
com.google.javascript.jscomp.NodeUtil#JSDocInfo#getInfoForNameNode#?,Node#1993	2.905287623474724E-4	2.905287623474724E-4	2.814097428244515E-4	info == null && parent != null && ((parent.getType() == Token.VAR && parent.hasOneChild()) || parent.getType() == Token.FUNCTION)	_
com.google.javascript.rhino.jstype.InstanceObjectType#int#hashCode#?#170	2.3730422401518748E-4	3.4234851078397807E-4	2.7932193872270375E-4	getReferenceName().hashCode()<=0	_
com.google.javascript.jscomp.CodeGenerator#void#addLeftExpr#?,Node,int,Context#708	4.49034575662326E-4	0.0	2.694207453973956E-4		_
com.google.javascript.jscomp.LineNumberCheck#void#process#?,Node,Node#54	4.488330341113106E-4	0.0	2.6929982046678633E-4		_
com.google.javascript.rhino.Node#int#getChildCount#?#1318	2.1677866897897247E-4	3.4106412005457026E-4	2.6601528085120176E-4	c==0	_
com.google.javascript.rhino.Node#boolean#checkTreeEqualsSilent#?,Node#1352	4.426737494466578E-4	0.0	2.656042496679947E-4		_
com.google.javascript.rhino.testing.BaseJSTypeTestCase#void#addNativeProperties#?,JSTypeRegistry#290	4.411116012351125E-4	0.0	2.646669607410675E-4		_
com.google.javascript.rhino.testing.BaseJSTypeTestCase#void#addMethod#?,JSTypeRegistry,ObjectType,String,JSType#383	4.411116012351125E-4	0.0	2.646669607410675E-4		_
com.google.javascript.jscomp.CodeConsumer#void#endStatement#?#164	4.366812227074236E-4	0.0	2.6200873362445414E-4		_
com.google.javascript.rhino.Node#Node#detachFromParent#?#1752	4.363001745200698E-4	0.0	2.6178010471204186E-4		_
com.google.javascript.jscomp.CodeConsumer#void#addIdentifier#?,String#91	4.3572984749455336E-4	0.0	2.61437908496732E-4		_
com.google.javascript.jscomp.CodeGenerator#void#addIdentifier#?,String#69	4.351610095735422E-4	0.0	2.610966057441253E-4		_
com.google.javascript.jscomp.CodeGenerator#void#add#?,String#65	4.3497172683775554E-4	0.0	2.609830361026533E-4		_
com.google.javascript.jscomp.CodePrinter$CompactCodePrinter#void#notePreferredLineBreak#?#526	4.332755632582322E-4	0.0	2.5996533795493934E-4		_
com.google.javascript.jscomp.LineNumberCheck#?#LineNumberCheck#?,AbstractCompiler#42	4.3233895373973193E-4	0.0	2.5940337224383917E-4		_
com.google.javascript.jscomp.NodeTraversal#void#pushScope#?,Node#539	3.2637075718015666E-4	3.2637075718015666E-4	2.5938661079561863E-4	scopeCallback != null	_
com.google.javascript.rhino.Node$StringNode#boolean#isEquivalentTo#?,Node#319	4.3159257660768235E-4	0.0	2.589555459646094E-4		_
com.google.javascript.jscomp.CodePrinter$CompactCodePrinter#void#append#?,String#464	4.306632213608958E-4	0.0	2.5839793281653745E-4		_
com.google.javascript.jscomp.NodeTraversal#void#popScope#?#556	3.2071840923669016E-4	3.2071840923669016E-4	2.5712567161823203E-4	scopeCallback != null	_
com.google.javascript.jscomp.NodeTraversal#?#NodeTraversal#?,AbstractCompiler,Callback,ScopeCreator#210	3.2071840923669016E-4	3.2071840923669016E-4	2.570980120416061E-4	cb instanceof ScopedCallback	_
com.google.javascript.jscomp.CodeConsumer#boolean#isWordChar#?,char#291	4.278990158322636E-4	0.0	2.5673940949935817E-4		_
com.google.javascript.rhino.jstype.PrototypeObjectType#boolean#defineProperty#?,String,JSType,boolean,boolean#227	2.553626149131767E-4	2.553626149131767E-4	2.553626149131767E-4	!(hasOwnDeclaredProperty(name))	_
com.google.javascript.jscomp.Compiler#String#toSource#?,Node#1339	4.25531914893617E-4	0.0	2.553191489361702E-4		_
com.google.javascript.jscomp.CodePrinter$Builder#Builder#setOutputCharset#?,Charset#603	4.25531914893617E-4	0.0	2.553191489361702E-4		_
com.google.javascript.jscomp.parsing.IRFactory$TransformDispatcher#Node#processGeneric#?,com.google.javascript.jscomp.mozilla.rhino.Node#282	4.19639110365086E-4	0.0	2.517834662190516E-4		_
com.google.javascript.rhino.jstype.FunctionType#?#FunctionType#?,JSTypeRegistry,String,Node,ArrowType,ObjectType,String,boolean,boolean#135	2.7056277056277056E-4	2.7056277056277056E-4	2.516285499077086E-4	!(isConstructor)	_
com.google.javascript.jscomp.CompilerOptions#void#setCodingConvention#?,CodingConvention#911	4.182350480970305E-4	0.0	2.509410288582183E-4		_
com.google.javascript.jscomp.CodePrinter$Builder#Builder#setSourceMap#?,SourceMap#595	4.175365344467641E-4	0.0	2.5052192066805847E-4		_
com.google.javascript.jscomp.ComposeWarningsGuard#void#addGuards#?,Iterable<WarningsGuard>#69	4.154549231408392E-4	0.0	2.4927295388450354E-4		_
com.google.javascript.jscomp.ComposeWarningsGuard#?#ComposeWarningsGuard#?,List<WarningsGuard>#48	4.154549231408392E-4	0.0	2.4927295388450354E-4		_
com.google.javascript.jscomp.DiagnosticGroupWarningsGuard#?#DiagnosticGroupWarningsGuard#?,DiagnosticGroup,CheckLevel#33	4.154549231408392E-4	0.0	2.4927295388450354E-4		_
com.google.javascript.jscomp.ComposeWarningsGuard#?#ComposeWarningsGuard#?,WarningsGuard#52	4.154549231408392E-4	0.0	2.4927295388450354E-4		_
com.google.javascript.jscomp.CompilerOptions#void#setWarningLevel#?,DiagnosticGroup,CheckLevel#803	4.154549231408392E-4	0.0	2.4927295388450354E-4		_
com.google.javascript.rhino.jstype.JSTypeRegistry#void#registerPropertyOnType#?,String,ObjectType#589	2.403846153846154E-4	2.631578947368421E-4	2.49079073522733E-4	!(typeSet == null)	_
com.google.javascript.jscomp.CodePrinter$CompactCodePrinter#?#CompactCodePrinter#?,boolean,int,boolean#429	4.1511000415110004E-4	0.0	2.4906600249066E-4		_
com.google.javascript.jscomp.CodePrinter$CompactCodePrinter#String#getCode#?#435	4.1511000415110004E-4	0.0	2.4906600249066E-4		_
com.google.javascript.jscomp.CodePrinter$Builder#Builder#setLineBreak#?,boolean#564	4.1459369817578774E-4	0.0	2.487562189054726E-4		_
com.google.javascript.jscomp.Compiler#void#initInputsByNameMap#?#400	2.486325211337643E-4	2.486325211337643E-4	2.486325211337643E-4	!inputsByName.containsKey(name)	_
com.google.javascript.jscomp.CodePrinter$Builder#Builder#setPrettyPrint#?,boolean#554	4.1339396444811904E-4	0.0	2.480363786688714E-4		_
com.google.javascript.jscomp.Compiler#void#initModules#?,List<JSSourceFile>,List<JSModule>,CompilerOptions#281	2.4789291026276647E-4	2.4789291026276647E-4	2.476352635854332E-4	!(modules.size() > 1)	_
com.google.javascript.jscomp.Compiler#void#initBasedOnOptions#?#306	2.4746349913387774E-4	2.4783147459727387E-4	2.476106893192362E-4	!(options.sourceMapOutputPath != null)	_
com.google.javascript.jscomp.CodePrinter$MappedCodePrinter#?#MappedCodePrinter#?,boolean#60	4.1254125412541255E-4	0.0	2.4752475247524753E-4		_
com.google.javascript.jscomp.CodePrinter$Builder#?#Builder#?,Node#546	4.1254125412541255E-4	0.0	2.4752475247524753E-4		_
com.google.javascript.jscomp.CodeGenerator#void#add#?,Node#73	4.1254125412541255E-4	0.0	2.4752475247524753E-4		_
com.google.javascript.jscomp.CodeConsumer#boolean#continueProcessing#?#82	4.1254125412541255E-4	0.0	2.4752475247524753E-4		_
com.google.javascript.jscomp.Compiler#void#fillEmptyModules#?,List<JSModule>#348	2.4746349913387774E-4	2.4752475247524753E-4	2.4748800047042565E-4	!(module.getInputs().isEmpty())	_
com.google.javascript.jscomp.Compiler#void#checkFirstModule#?,List<JSModule>#335	2.4746349913387774E-4	2.4746349913387774E-4	2.4746349913387774E-4	!(modules.get(0).getInputs().isEmpty() && modules.size() > 1)	_
com.google.javascript.jscomp.parsing.IRFactory#Node#transformTree#?,AstRoot,String,Config,ErrorReporter#137	2.0863759649488838E-4	3.0129557095510696E-4	2.457007862789758E-4	!(node.getComments() != null)	_
com.google.javascript.rhino.jstype.FunctionParamBuilder#boolean#addOptionalParams#?,JSType#80	2.457002457002457E-4	2.457002457002457E-4	2.457002457002457E-4	!(hasVarArgs())	_
com.google.javascript.rhino.jstype.JSTypeRegistry#JSType#createOptionalType#?,JSType#815	2.449779519843214E-4	2.449779519843214E-4	2.439765822535826E-4	type instanceof UnknownType || type.isAllType()	_
com.google.javascript.jscomp.CodeChangeHandler$RecentChange#void#reset#?#47	4.0567951318458417E-4	0.0	2.4340770791075048E-4		_
com.google.javascript.jscomp.Scope#Iterator<Var>#getVars#?#456	4.0535062829347385E-4	0.0	2.432103769760843E-4		_
com.google.javascript.jscomp.GoogleCodingConvention#boolean#isConstant#?,String#75	2.46669955599408E-4	2.46669955599408E-4	2.417318585950881E-4	!Character.isUpperCase(name.charAt(0))	_
com.google.javascript.rhino.jstype.FunctionParamBuilder#boolean#addRequiredParams#?,JSType#63	2.4154589371980676E-4	2.4154589371980676E-4	2.4154589371980676E-4	!(hasOptionalOrVarArgs())	_
com.google.javascript.rhino.Node#?#Node#?,int,Node#372	2.4067388688327315E-4	2.4067388688327315E-4	2.4067388688327315E-4	-1!=nodeType	_
com.google.javascript.jscomp.NodeTraversal#String#getSourceName#?#397	4.008016032064128E-4	0.0	2.4048096192384768E-4		_
com.google.javascript.jscomp.Compiler#void#init#?,JSSourceFile[],JSSourceFile[],CompilerOptions#232	3.966679888932963E-4	0.0	2.380007933359778E-4		_
com.google.javascript.rhino.jstype.FunctionType#FunctionType#getSuperClassConstructor#?#526	2.378686964795433E-4	2.378686964795433E-4	2.3786869647954333E-4	!(maybeSuperInstanceType == null)	_
com.google.javascript.jscomp.Scope#Node#getRootNode#?#331	3.935458480913026E-4	0.0	2.3612750885478156E-4		_
com.google.javascript.jscomp.Compiler#boolean#hasErrors#?#1611	3.9308176100628933E-4	0.0	2.358490566037736E-4		_
com.google.javascript.rhino.Node#Node#cloneNode#?#1822	3.9277297721916735E-4	0.0	2.356637863315004E-4		_
com.google.javascript.rhino.jstype.ObjectType#boolean#isImplicitPrototype#?,ObjectType#383	2.3479690068091102E-4	2.3479690068091102E-4	2.346977372784648E-4	!(current != null)	_
com.google.javascript.rhino.jstype.PrototypeObjectType#boolean#implicitPrototypeChainIsUnknown#?#455	2.346316283435007E-4	2.346316283435007E-4	2.346316283435007E-4	!(p.isUnknownType())	_
com.google.javascript.rhino.jstype.PrototypeObjectType#boolean#isSubtype#?,JSType#439	2.346316283435007E-4	2.346316283435007E-4	2.346316283435007E-4	that != null	_
com.google.javascript.rhino.jstype.InstanceObjectType#boolean#isEquivalentTo#?,JSType#156	2.346866932644919E-4	2.346866932644919E-4	2.3438989978823236E-4	!(thatObj != null && thatObj.isNominalType())	_
com.google.javascript.rhino.jstype.ObjectType#boolean#isUnknownType#?#407	2.3540489642184556E-4	2.3540489642184556E-4	2.3411997116495935E-4	!(implicitProto == null || implicitProto.isNativeObjectType())	_
com.google.javascript.rhino.jstype.FunctionType#FunctionPrototypeType#getPrototype#?#262	2.380952380952381E-4	2.380952380952381E-4	2.329475283342623E-4	prototype == null	_
com.google.javascript.rhino.jstype.UnknownType#?#UnknownType#?,JSTypeRegistry,boolean#61	3.8684719535783365E-4	0.0	2.3210831721470017E-4		_
com.google.javascript.rhino.jstype.StringType#?#StringType#?,JSTypeRegistry#54	3.8684719535783365E-4	0.0	2.3210831721470017E-4		_
com.google.javascript.rhino.jstype.JSTypeRegistry#void#register#?,JSType#558	3.8684719535783365E-4	0.0	2.3210831721470017E-4		_
com.google.javascript.rhino.jstype.JSTypeRegistry#void#registerNativeType#?,JSTypeNative,JSType#572	3.8684719535783365E-4	0.0	2.3210831721470017E-4		_
com.google.javascript.rhino.jstype.ErrorFunctionType#?#ErrorFunctionType#?,JSTypeRegistry,String#53	3.8684719535783365E-4	0.0	2.3210831721470017E-4		_
com.google.javascript.rhino.jstype.FunctionType#ArrowType#getInternalArrowType#?#253	3.8684719535783365E-4	0.0	2.3210831721470017E-4		_
com.google.javascript.rhino.jstype.AllType#?#AllType#?,JSTypeRegistry#55	3.8684719535783365E-4	0.0	2.3210831721470017E-4		_
com.google.javascript.rhino.jstype.JSTypeRegistry#void#resetForTypeCheck#?#225	3.8684719535783365E-4	0.0	2.3210831721470017E-4		_
com.google.javascript.rhino.jstype.FunctionType#void#setInstanceType#?,ObjectType#733	3.8684719535783365E-4	0.0	2.3210831721470017E-4		_
com.google.javascript.rhino.jstype.NumberType#?#NumberType#?,JSTypeRegistry#54	3.8684719535783365E-4	0.0	2.3210831721470017E-4		_
com.google.javascript.rhino.jstype.JSTypeRegistry#ArrowType#createArrowType#?,Node#898	3.8684719535783365E-4	0.0	2.3210831721470017E-4		_
com.google.javascript.rhino.jstype.JSTypeRegistry#?#JSTypeRegistry#?,ErrorReporter,boolean#190	3.8684719535783365E-4	0.0	2.3210831721470017E-4		_
com.google.javascript.rhino.jstype.JSTypeRegistry#void#initializeRegistry#?#540	3.8684719535783365E-4	0.0	2.3210831721470017E-4		_
com.google.javascript.rhino.jstype.NoObjectType#?#NoObjectType#?,JSTypeRegistry#215	3.8684719535783365E-4	0.0	2.3210831721470017E-4		_
com.google.javascript.rhino.jstype.JSTypeRegistry#Node#createOptionalParameters#?,JSType#1059	3.8684719535783365E-4	0.0	2.3210831721470017E-4		_
com.google.javascript.rhino.jstype.BooleanType#?#BooleanType#?,JSTypeRegistry#54	3.8684719535783365E-4	0.0	2.3210831721470017E-4		_
com.google.javascript.rhino.jstype.NullType#?#NullType#?,JSTypeRegistry#55	3.8684719535783365E-4	0.0	2.3210831721470017E-4		_
com.google.javascript.rhino.jstype.NoType#?#NoType#?,JSTypeRegistry#66	3.8684719535783365E-4	0.0	2.3210831721470017E-4		_
com.google.javascript.rhino.jstype.ValueType#?#ValueType#?,JSTypeRegistry#49	3.8684719535783365E-4	0.0	2.3210831721470017E-4		_
com.google.javascript.rhino.jstype.VoidType#?#VoidType#?,JSTypeRegistry#55	3.8684719535783365E-4	0.0	2.3210831721470017E-4		_
com.google.javascript.rhino.jstype.JSTypeRegistry#void#initializeBuiltInTypes#?#515	3.8684719535783365E-4	0.0	2.3210831721470017E-4		_
com.google.javascript.rhino.jstype.JSTypeRegistry#FunctionType#createFunctionTypeWithVarArgs#?,JSType,JSType#945	3.862495171881035E-4	0.0	2.3174971031286208E-4		_
com.google.javascript.rhino.jstype.FunctionType#boolean#hasCachedValues#?#784	3.8595137012736397E-4	0.0	2.3157082207641837E-4		_
com.google.javascript.rhino.jstype.JSTypeRegistry#ObjectType#createObjectType#?,String,Node,ObjectType#1180	3.852080123266564E-4	0.0	2.3112480739599384E-4		_
com.google.javascript.rhino.jstype.JSTypeRegistry#FunctionType#createFunctionType#?,JSType,Node#1139	3.852080123266564E-4	0.0	2.3112480739599384E-4		_
com.google.javascript.rhino.jstype.JSTypeRegistry#Node#createParametersWithVarArgs#?,JSType#1051	3.8476337052712584E-4	0.0	2.308580223162755E-4		_
com.google.javascript.rhino.jstype.PrototypeObjectType#String#getReferenceName#?#394	2.304147465437788E-4	2.304147465437788E-4	2.304147465437788E-4	className != null	_
com.google.javascript.jscomp.parsing.IRFactory$TransformDispatcher#boolean#isDirective#?,Node#382	2.087246921310791E-4	2.58732212160414E-4	2.2867544276109863E-4	n == null	_
com.google.javascript.rhino.jstype.NoObjectType#boolean#isNoObjectType#?#239	3.7979491074819596E-4	0.0	2.2787694644891757E-4		_
com.google.javascript.rhino.jstype.UnionTypeBuilder#UnionTypeBuilder#addAlternate#?,JSType#115	2.2747952684258417E-4	2.2794620469569182E-4	2.2766619798382723E-4	!(current.isSubtype(alternate))	_
com.google.javascript.rhino.jstype.UnionTypeBuilder#JSType#build#?#152	2.2727272727272727E-4	2.2727272727272727E-4	2.266864160957847E-4	size > 1	_
com.google.javascript.jscomp.Compiler#Config#getParserConfig#?#1533	2.155636990730761E-4	2.433682161109759E-4	2.26685505888236E-4	!(parserConfig == null)	_
com.google.javascript.rhino.jstype.JSType#boolean#isSubtype#?,JSType,JSType#829	2.2568269013766644E-4	2.2568269013766644E-4	2.2568269013766644E-4	!(thatType instanceof UnionType)	_
com.google.javascript.rhino.jstype.JSType#int#hashCode#?#327	2.256317689530686E-4	2.256317689530686E-4	2.256317689530686E-4	System.identityHashCode(this)>=0	_
com.google.javascript.rhino.jstype.VoidType#String#toString#?#97	3.711952487008166E-4	0.0	2.2271714922048996E-4		_
com.google.javascript.rhino.jstype.NullType#String#toString#?#104	3.711952487008166E-4	0.0	2.2271714922048996E-4		_
com.google.javascript.rhino.jstype.BooleanType#String#toString#?#103	3.6913990402362494E-4	0.0	2.2148394241417496E-4		_
com.google.javascript.rhino.jstype.JSType#boolean#isEquivalentTo#?,JSType#304	2.205071664829107E-4	2.205071664829107E-4	2.205071664829107E-4	!(jsType instanceof ProxyObjectType)	_
com.google.javascript.rhino.Node#?#Node#?,int,Node,Node#392	2.1978021978021978E-4	2.1978021978021978E-4	2.1978021978021978E-4	-1<nodeType	_
com.google.javascript.rhino.Node#int#extractCharno#?,int#1145	2.1570319240724764E-4	2.1687269572760788E-4	2.1617099373539173E-4	lineCharNo & COLUMN_MASK>0	_
com.google.javascript.jscomp.PrepareAst#void#process#?,Node,Node#60	2.161227577263886E-4	2.16076058772688E-4	2.1610407814490835E-4	!(externs != null)	_
com.google.javascript.jscomp.Compiler#void#stopTracer#?,Tracer,String#801	2.16076058772688E-4	2.16076058772688E-4	2.16076058772688E-4	!(options.tracer.isOn())	_
com.google.javascript.jscomp.Compiler#Tracer#newTracer#?,String#793	2.16076058772688E-4	2.16076058772688E-4	2.16076058772688E-4	!(options.tracer.isOn())	_
com.google.javascript.jscomp.Compiler#int#getErrorCount#?#1586	2.157497303128371E-4	2.1621621621621621E-4	2.1593632467418875E-4	errorManager.getErrorCount()==0	_
com.google.javascript.jscomp.JsAst#void#parse#?,AbstractCompiler,String,String#97	2.161227577263886E-4	2.161227577263886E-4	2.157873225344011E-4	!(root == null || compiler.hasHaltingErrors())	_
com.google.javascript.jscomp.Tracer#long#stop#?,int#427	2.1547080370609782E-4	2.1547080370609782E-4	2.1547080370609782E-4	0==0	_
com.google.javascript.jscomp.Tracer#ThreadTrace#getThreadTrace#?#969	2.1547080370609782E-4	2.1547080370609782E-4	2.1547080370609782E-4	!(t == null)	_
com.google.javascript.jscomp.Tracer#long#stop#?#454	2.1547080370609782E-4	2.1547080370609782E-4	2.1547080370609782E-4	stop(-1)==0	_
com.google.javascript.jscomp.Tracer#?#Tracer#?,String,String#256	2.1547080370609782E-4	2.1547080370609782E-4	2.1547080370609782E-4	!(!extraTracingStatistics.isEmpty())	_
com.google.javascript.jscomp.NodeTraversal#void#traverseBranch#?,Node,Node#444	2.630194634402946E-4	2.1565667457407807E-4	2.151009777531872E-4	type == Token.SCRIPT	_
com.google.javascript.jscomp.BasicErrorManager#int#getErrorCount#?#75	2.1468441391155003E-4	2.1523891519586742E-4	2.14906214425277E-4	errorCount<=0	_
com.google.javascript.rhino.Node#PropListItem#lookupProperty#?,int#728	2.147766323024055E-4	2.147766323024055E-4	2.147766323024055E-4	x != null && propType != x.type	_
com.google.javascript.jscomp.parsing.ParserRunner#Node#parse#?,String,String,Config,ErrorReporter,Logger#93	2.1290185224611454E-4	2.1654395842355997E-4	2.1376316506046023E-4	!(config.isIdeMode)	_
com.google.javascript.rhino.Node#Object#getProp#?,int#766	2.2217285047767163E-4	2.2217285047767163E-4	2.136092649311934E-4	!(item == null)	_
com.google.javascript.jscomp.parsing.IRFactory$TransformDispatcher#Node#processInfixExpression#?,InfixExpression#583	3.557452863749555E-4	0.0	2.134471718249733E-4		_
com.google.javascript.rhino.Node#boolean#hasOneChild#?#1300	3.518648838845883E-4	0.0	2.11118930330753E-4		_
com.google.javascript.jscomp.parsing.IRFactory$TransformDispatcher#void#parseDirectives#?,Node#376	2.0863759649488838E-4	2.0863759649488838E-4	2.0863759649488838E-4	!(directives != null)	_
com.google.javascript.jscomp.parsing.ParserRunner#void#initResourceConfig#?#52	2.089864158829676E-4	2.089864158829676E-4	2.0820515825349857E-4	annotationNames != null	_
com.google.javascript.rhino.Node#int#extractLineno#?,int#1131	2.0807324178110696E-4	2.1026072329688813E-4	2.0807324178110696E-4	-1<=0	_
com.google.javascript.rhino.Node#int#getCharno#?#832	2.0108586366378444E-4	2.1696680407897592E-4	2.0743823982986105E-4	extractCharno(sourcePosition)>0	_
com.google.javascript.jscomp.NodeUtil#boolean#isFunctionDeclaration#?,Node#1195	3.450655624568668E-4	0.0	2.0703933747412008E-4		_
com.google.javascript.rhino.jstype.StringType#String#toString#?#92	3.4376074252320387E-4	0.0	2.0625644551392232E-4		_
com.google.javascript.rhino.Node#int#getLineno#?#828	2.010454362685967E-4	2.1034917963819942E-4	2.047669336164378E-4	extractLineno(sourcePosition)>0	_
com.google.javascript.rhino.Node#void#putIntProp#?,int,int#807	2.044153720359771E-4	2.044153720359771E-4	2.044153720359771E-4	prop<propType	_
com.google.javascript.rhino.Node$StringNode#?#StringNode#?,int,String#282	2.039151712887439E-4	2.0387359836901122E-4	2.038985421208508E-4	!(null == str)	_
com.google.javascript.rhino.Node#PropListItem#ensureProperty#?,int#736	2.0358306188925082E-4	2.0358306188925082E-4	2.0358306188925082E-4	item == null	_
com.google.javascript.rhino.Node#boolean#hasChildren#?#531	3.3840947546531303E-4	0.0	2.030456852791878E-4		_
com.google.javascript.jscomp.LoggerErrorManager#?#LoggerErrorManager#?,MessageFormatter,Logger#39	3.372681281618887E-4	0.0	2.0236087689713323E-4		_
com.google.javascript.rhino.Node#void#addChildToBack#?,Node#593	2.06058108386565E-4	2.0601565718994644E-4	2.0211895242107036E-4	!(last == null)	_
com.google.javascript.jscomp.Compiler#?#Compiler#?#168	3.367003367003367E-4	0.0	2.0202020202020202E-4		_
com.google.javascript.jscomp.AbstractMessageFormatter#void#setColorize#?,boolean#38	3.332222592469177E-4	0.0	1.999333555481506E-4		_
com.google.javascript.jscomp.CompilerOptions#boolean#shouldColorizeErrorOutput#?#885	3.332222592469177E-4	0.0	1.999333555481506E-4		_
com.google.javascript.jscomp.Compiler#MessageFormatter#createMessageFormatter#?#205	3.332222592469177E-4	0.0	1.999333555481506E-4		_
com.google.javascript.jscomp.AbstractMessageFormatter#?#AbstractMessageFormatter#?,SourceExcerptProvider#34	3.33000333000333E-4	0.0	1.998001998001998E-4		_
com.google.javascript.jscomp.LightweightMessageFormatter#?#LightweightMessageFormatter#?,SourceExcerptProvider,SourceExcerpt#50	3.33000333000333E-4	0.0	1.998001998001998E-4		_
com.google.javascript.jscomp.Compiler#void#setErrorManager#?,ErrorManager#196	3.33000333000333E-4	0.0	1.998001998001998E-4		_
com.google.javascript.jscomp.LightweightMessageFormatter#?#LightweightMessageFormatter#?,SourceExcerptProvider#45	3.33000333000333E-4	0.0	1.998001998001998E-4		_
com.google.javascript.jscomp.CompilerOptions#?#CompilerOptions#?#610	3.3288948069241014E-4	0.0	1.9973368841544607E-4		_
com.google.javascript.jscomp.RhinoErrorReporter$NewRhinoErrorReporter#?#NewRhinoErrorReporter#?,AbstractCompiler#151	3.3266799733865603E-4	0.0	1.996007984031936E-4		_
com.google.javascript.jscomp.RhinoErrorReporter#com.google.javascript.jscomp.mozilla.rhino.ErrorReporter#forNewRhino#?,AbstractCompiler#98	3.3266799733865603E-4	0.0	1.996007984031936E-4		_
com.google.javascript.jscomp.RhinoErrorReporter#String#replacePlaceHolders#?,String#66	3.3266799733865603E-4	0.0	1.996007984031936E-4		_
com.google.javascript.jscomp.RhinoErrorReporter#ErrorReporter#forOldRhino#?,AbstractCompiler#102	3.3266799733865603E-4	0.0	1.996007984031936E-4		_
com.google.javascript.jscomp.Compiler#void#addChangeHandler#?,CodeChangeHandler#1499	3.3266799733865603E-4	0.0	1.996007984031936E-4		_
com.google.javascript.jscomp.RhinoErrorReporter$OldRhinoErrorReporter#?#OldRhinoErrorReporter#?,AbstractCompiler#137	3.3266799733865603E-4	0.0	1.996007984031936E-4		_
com.google.javascript.jscomp.Compiler#?#Compiler#?,PrintStream#177	3.3266799733865603E-4	0.0	1.996007984031936E-4		_
com.google.javascript.jscomp.RhinoErrorReporter#?#RhinoErrorReporter#?,AbstractCompiler#72	3.3266799733865603E-4	0.0	1.996007984031936E-4		_
com.google.javascript.rhino.Node#?#Node#?,int#358	1.9868865487780648E-4	1.9868865487780648E-4	1.9868865487780648E-4	-1<nodeType	_
com.google.javascript.jscomp.PassFactory#?#PassFactory#?,String,boolean#44	3.3112582781456954E-4	0.0	1.9867549668874172E-4		_
com.google.javascript.rhino.Node#int#getType#?#523	1.9708316909735908E-4	1.9708316909735908E-4	1.9708316909735908E-4	type!=0	_
com.google.javascript.rhino.jstype.NumberType#String#toString#?#97	3.2637075718015666E-4	0.0	1.95822454308094E-4		_
com.google.javascript.jscomp.parsing.Config#Map<String,Annotation>#buildAnnotationNames#?,Set<String>#75	1.9447685725398678E-4	1.9447685725398678E-4	1.9447685725398678E-4	!Annotation.recognizedAnnotations.containsKey(unrecognizedAnnotation)	_
com.google.javascript.rhino.jstype.PrototypeObjectType#?#PrototypeObjectType#?,JSTypeRegistry,String,ObjectType#96	3.2393909944930353E-4	0.0	1.9436345966958212E-4		_
com.google.javascript.rhino.ScriptRuntime#String#getMessage0#?,String#423	3.21646831778707E-4	0.0	1.9298809906722418E-4		_
com.google.javascript.rhino.Context#Context#getCurrentContext#?#402	3.2102728731942215E-4	0.0	1.926163723916533E-4		_
com.google.javascript.rhino.ScriptRuntime#String#getMessage#?,String,Object[]#470	3.2102728731942215E-4	0.0	1.926163723916533E-4		_
com.google.javascript.jscomp.parsing.IRFactory$TransformDispatcher#Node#processPropertyGet#?,PropertyGet#675	3.151591553734636E-4	0.0	1.8909549322407813E-4		_
com.google.javascript.rhino.jstype.JSTypeRegistry#JSType#createNullableType#?,JSType#837	3.112356053532524E-4	0.0	1.8674136321195146E-4		_
com.google.javascript.rhino.Node#void#setType#?,int#527	3.045066991473812E-4	0.0	1.8270401948842872E-4		_
com.google.javascript.jscomp.parsing.IRFactory$TransformDispatcher#Node#processVariableDeclaration#?,VariableDeclaration#804	3.0147723846849563E-4	0.0	1.8088634308109736E-4		_
com.google.javascript.jscomp.Scope#Scope#getParent#?#335	2.8208744710860365E-4	0.0	1.6925246826516219E-4		_
com.google.javascript.jscomp.Scope#boolean#isGlobal#?#470	2.7925160569673273E-4	0.0	1.6755096341803963E-4		_
com.google.javascript.jscomp.Scope#boolean#isLocal#?#477	2.7925160569673273E-4	0.0	1.6755096341803963E-4		_
com.google.javascript.jscomp.Scope#Var#declare#?,String,Node,JSType,CompilerInput,boolean#400	2.7533039647577095E-4	0.0	1.6519823788546258E-4		_
com.google.javascript.jscomp.Scope$Var#?#Var#?,boolean#110	2.7533039647577095E-4	0.0	1.6519823788546258E-4		_
com.google.javascript.rhino.jstype.FunctionBuilder#FunctionBuilder#withParamsNode#?,Node#90	2.737476047084588E-4	0.0	1.6424856282507526E-4		_
com.google.javascript.jscomp.Scope#?#Scope#?,Node,AbstractCompiler#305	2.718129926610492E-4	0.0	1.630877955966295E-4		_
com.google.javascript.rhino.jstype.FunctionBuilder#FunctionBuilder#withReturnType#?,JSType#97	2.7063599458728013E-4	0.0	1.6238159675236808E-4		_
com.google.javascript.rhino.jstype.FunctionBuilder#?#FunctionBuilder#?,JSTypeRegistry#65	2.7056277056277056E-4	0.0	1.6233766233766234E-4		_
com.google.javascript.rhino.jstype.FunctionBuilder#FunctionType#build#?#146	2.7056277056277056E-4	0.0	1.6233766233766234E-4		_
com.google.javascript.jscomp.Compiler#CompilerInput#getInput#?,String#914	2.6673779674579886E-4	0.0	1.600426780474793E-4		_
com.google.javascript.jscomp.NodeUtil#boolean#isFunctionExpression#?,Node#1233	2.627430373095113E-4	0.0	1.5764582238570677E-4		_
com.google.javascript.jscomp.parsing.IRFactory$TransformDispatcher#Node#processBlock#?,Block#392	2.589331952356292E-4	0.0	1.553599171413775E-4		_
com.google.javascript.rhino.jstype.JSTypeRegistry#FunctionType#getNativeFunctionType#?,JSTypeNative#752	2.5588536335721597E-4	0.0	1.535312180143296E-4		_
com.google.javascript.rhino.jstype.PrototypeObjectType$Property#?#Property#?,JSType,boolean,boolean#486	2.553626149131767E-4	0.0	1.5321756894790602E-4		_
com.google.javascript.rhino.jstype.ObjectType#boolean#hasOwnDeclaredProperty#?,String#338	2.553626149131767E-4	0.0	1.5321756894790602E-4		_
com.google.javascript.rhino.jstype.PrototypeObjectType#boolean#hasOwnProperty#?,String#151	2.5523226135783564E-4	0.0	1.5313935681470137E-4		_
com.google.javascript.jscomp.BasicErrorManager#JSError[]#getWarnings#?#87	2.544529262086514E-4	0.0	1.5267175572519084E-4		_
com.google.javascript.jscomp.Compiler#JSError[]#getWarnings#?#835	2.544529262086514E-4	0.0	1.5267175572519084E-4		_
com.google.javascript.jscomp.Compiler#List<CompilerInput>#makeCompilerInput#?,List<JSSourceFile>,boolean#315	2.486325211337643E-4	0.0	1.4917951268025856E-4		_
com.google.javascript.jscomp.Compiler#void#init#?,List<JSSourceFile>,List<JSSourceFile>,CompilerOptions#242	2.479543763947434E-4	0.0	1.4877262583684603E-4		_
com.google.javascript.jscomp.Compiler#List<CompilerInput>#getAllInputsFromModules#?,List<JSModule>#383	2.4746349913387774E-4	0.0	1.4847809948032663E-4		_
com.google.javascript.jscomp.JSModule#?#JSModule#?,String#64	2.4740227610094015E-4	0.0	1.4844136566056408E-4		_
com.google.javascript.jscomp.JSModule#void#add#?,JSSourceFile#93	2.473410833539451E-4	0.0	1.4840465001236705E-4		_
com.google.javascript.jscomp.JSModule#void#add#?,CompilerInput#104	2.472799208704253E-4	0.0	1.483679525222552E-4		_
com.google.javascript.jscomp.CompilerInput#void#setModule#?,JSModule#291	2.472799208704253E-4	0.0	1.483679525222552E-4		_
com.google.javascript.jscomp.JSModule#List<CompilerInput>#getInputs#?#180	2.472799208704253E-4	0.0	1.483679525222552E-4		_
com.google.javascript.rhino.Node#void#setOptionalArg#?,boolean#1962	2.4563989191844754E-4	0.0	1.4738393515106852E-4		_
com.google.javascript.rhino.jstype.JSTypeRegistry#void#register#?,JSType,String#562	2.446183953033268E-4	0.0	1.4677103718199608E-4		_
com.google.javascript.rhino.jstype.FunctionParamBuilder#boolean#hasVarArgs#?#139	2.443195699975568E-4	0.0	1.4659174199853407E-4		_
com.google.javascript.rhino.Node#void#setVarArgs#?,boolean#1944	2.443195699975568E-4	0.0	1.4659174199853407E-4		_
com.google.javascript.rhino.jstype.InstanceObjectType#?#InstanceObjectType#?,JSTypeRegistry,FunctionType,boolean#63	2.44081034903588E-4	0.0	1.464486209421528E-4		_
com.google.javascript.rhino.jstype.JSTypeRegistry#ArrowType#createArrowType#?,Node,JSType#888	2.44081034903588E-4	0.0	1.464486209421528E-4		_
com.google.javascript.rhino.jstype.ArrowType#?#ArrowType#?,JSTypeRegistry,Node,JSType#66	2.44081034903588E-4	0.0	1.464486209421528E-4		_
com.google.javascript.rhino.jstype.AllType#boolean#isAllType#?#70	2.4271844660194174E-4	0.0	1.4563106796116503E-4		_
com.google.javascript.rhino.jstype.PrototypeObjectType#FunctionType#getConstructor#?#373	2.426595486532395E-4	0.0	1.455957291919437E-4		_
com.google.javascript.rhino.jstype.FunctionParamBuilder#boolean#hasOptionalOrVarArgs#?#133	2.4154589371980676E-4	0.0	1.4492753623188405E-4		_
com.google.javascript.rhino.jstype.PrototypeObjectType#void#setImplicitPrototype#?,ObjectType#389	2.4067388688327315E-4	0.0	1.4440433212996388E-4		_
com.google.javascript.rhino.jstype.FunctionParamBuilder#Node#newParameter#?,JSType#122	2.4067388688327315E-4	0.0	1.4440433212996388E-4		_
com.google.javascript.rhino.jstype.PrototypeObjectType#boolean#hasCachedValues#?#493	2.4061597690086623E-4	0.0	1.4436958614051973E-4		_
com.google.javascript.rhino.jstype.ObjectType#boolean#hasCachedValues#?#428	2.4061597690086623E-4	0.0	1.4436958614051973E-4		_
com.google.javascript.rhino.jstype.ObjectType#boolean#defineDeclaredProperty#?,String,JSType,boolean#219	2.3998080153587713E-4	0.0	1.4398848092152627E-4		_
com.google.javascript.jscomp.BasicErrorManager#JSError[]#getErrors#?#83	2.3963575365444525E-4	0.0	1.4378145219266715E-4		_
com.google.javascript.jscomp.Compiler#JSError[]#getErrors#?#828	2.3963575365444525E-4	0.0	1.4378145219266715E-4		_
com.google.javascript.rhino.jstype.FunctionParamBuilder#?#FunctionParamBuilder#?,JSTypeRegistry#55	2.3929169657812874E-4	0.0	1.4357501794687723E-4		_
com.google.javascript.rhino.jstype.FunctionParamBuilder#Node#build#?#129	2.3929169657812874E-4	0.0	1.4357501794687723E-4		_
com.google.javascript.jscomp.BasicErrorManager#JSError[]#toArray#?,CheckLevel#105	2.3917723032767282E-4	0.0	1.4350633819660367E-4		_
com.google.javascript.rhino.jstype.ArrowType#?#ArrowType#?,JSTypeRegistry,Node,JSType,boolean#71	2.390057361376673E-4	0.0	1.4340344168260036E-4		_
com.google.javascript.rhino.jstype.FunctionPrototypeType#?#FunctionPrototypeType#?,JSTypeRegistry,FunctionType,ObjectType#62	2.3803856224708403E-4	0.0	1.428231373482504E-4		_
com.google.javascript.rhino.jstype.NoType#boolean#isNoType#?#76	2.3798191337458352E-4	0.0	1.427891480247501E-4		_
com.google.javascript.rhino.jstype.FunctionPrototypeType#?#FunctionPrototypeType#?,JSTypeRegistry,FunctionType,ObjectType,boolean#55	2.378686964795433E-4	0.0	1.42721217887726E-4		_
com.google.javascript.rhino.Node#boolean#isSyntheticBlock#?#1987	2.3752969121140142E-4	0.0	1.4251781472684086E-4		_
com.google.javascript.rhino.jstype.JSType#JSType#getNativeType#?,JSTypeNative#111	2.370791844476055E-4	0.0	1.4224751066856329E-4		_
com.google.javascript.rhino.jstype.FunctionType#boolean#hasInstanceType#?#740	2.3623907394283014E-4	0.0	1.4174344436569808E-4		_
com.google.javascript.rhino.jstype.FunctionType#ObjectType#getInstanceType#?#727	2.3623907394283014E-4	0.0	1.4174344436569808E-4		_
com.google.javascript.rhino.jstype.FunctionType#boolean#isInterface#?#179	2.361275088547816E-4	0.0	1.4167650531286894E-4		_
com.google.javascript.rhino.jstype.JSType#boolean#isEmptyType#?#139	2.3568230025925054E-4	0.0	1.4140938015555032E-4		_
com.google.javascript.jscomp.parsing.IRFactory$TransformDispatcher#Node#processExpressionStatement#?,ExpressionStatement#472	2.3518344308560678E-4	0.0	1.4111006585136406E-4		_
com.google.javascript.rhino.jstype.FunctionType#boolean#isConstructor#?#174	2.346866932644919E-4	0.0	1.4081201595869515E-4		_
com.google.javascript.rhino.jstype.InstanceObjectType#boolean#isNominalType#?#147	2.3408239700374532E-4	0.0	1.4044943820224718E-4		_
com.google.javascript.rhino.jstype.JSType#boolean#isNoObjectType#?#135	2.3380874444704232E-4	0.0	1.402852466682254E-4		_
com.google.javascript.rhino.jstype.PrototypeObjectType#boolean#isNativeObjectType#?#499	2.3369946249123628E-4	0.0	1.4021967749474175E-4		_
com.google.javascript.rhino.jstype.InstanceObjectType#boolean#hasReferenceName#?#73	2.33590282644242E-4	0.0	1.401541695865452E-4		_
com.google.javascript.rhino.jstype.PrototypeObjectType#boolean#hasReferenceName#?#403	2.3234200743494423E-4	0.0	1.3940520446096652E-4		_
com.google.javascript.rhino.Node#void#setJSType#?,JSType#1890	2.3223409196470042E-4	0.0	1.3934045517882026E-4		_
com.google.javascript.rhino.jstype.InstanceObjectType#String#getReferenceName#?#68	2.316423442205235E-4	0.0	1.389854065323141E-4		_
com.google.javascript.rhino.jstype.JSType#ObjectType#toObjectType#?#450	2.3089355806972986E-4	0.0	1.3853613484183792E-4		_
com.google.javascript.rhino.jstype.InstanceObjectType#ObjectType#getImplicitPrototype#?#78	2.3089355806972986E-4	0.0	1.3853613484183792E-4		_
com.google.javascript.rhino.jstype.ObjectType#?#ObjectType#?,JSTypeRegistry#87	2.3073373327180433E-4	0.0	1.384402399630826E-4		_
com.google.javascript.rhino.Node#JSType#getJSType#?#1886	2.2988505747126436E-4	0.0	1.379310344827586E-4		_
com.google.javascript.rhino.jstype.ObjectType#ObjectType#cast#?,JSType#440	2.2967386311437759E-4	0.0	1.3780431786862655E-4		_
com.google.javascript.rhino.jstype.PrototypeObjectType#ObjectType#getImplicitPrototype#?#378	2.2930520522815867E-4	0.0	1.375831231368952E-4		_
com.google.javascript.rhino.jstype.InstanceObjectType#FunctionType#getConstructor#?#83	2.2888532845044633E-4	0.0	1.373311970702678E-4		_
com.google.javascript.rhino.jstype.JSTypeRegistry#JSType#createUnionType#?,JSType#857	2.2825838849577722E-4	0.0	1.3695503309746633E-4		_
com.google.javascript.rhino.jstype.UnionType#?#UnionType#?,JSTypeRegistry,Collection<JSType>#82	2.2727272727272727E-4	0.0	1.3636363636363637E-4		_
com.google.javascript.rhino.jstype.ValueType#boolean#isSubtype#?,JSType#54	2.2701475595913735E-4	0.0	1.362088535754824E-4		_
com.google.javascript.rhino.jstype.JSTypeRegistry#ObjectType#getNativeObjectType#?,JSTypeNative#748	2.2650056625141563E-4	0.0	1.3590033975084939E-4		_
com.google.javascript.rhino.jstype.JSType#boolean#isUnknownType#?#218	2.2547914317925591E-4	0.0	1.3528748590755355E-4		_
com.google.javascript.rhino.jstype.UnionTypeBuilder#?#UnionTypeBuilder#?,JSTypeRegistry#78	2.2512381809995497E-4	0.0	1.35074290859973E-4		_
com.google.javascript.rhino.jstype.JSType#boolean#isAllType#?#214	2.239140170174653E-4	0.0	1.3434841021047917E-4		_
com.google.javascript.rhino.jstype.JSType#boolean#isNoType#?#131	2.2361359570661896E-4	0.0	1.3416815742397137E-4		_
com.google.javascript.rhino.jstype.JSType#?#JSType#?,JSTypeRegistry#104	2.231644722160232E-4	0.0	1.3389868332961392E-4		_
com.google.javascript.rhino.Node#boolean#getBooleanProp#?,int#773	2.2099447513812155E-4	0.0	1.3259668508287293E-4		_
com.google.javascript.rhino.jstype.JSTypeRegistry#JSType#getNativeType#?,JSTypeNative#744	2.207505518763797E-4	0.0	1.3245033112582781E-4		_
com.google.javascript.jscomp.CompilerInput#Node#getAstRoot#?,AbstractCompiler#103	2.1781746896101068E-4	0.0	1.306904813766064E-4		_
com.google.javascript.jscomp.CompilerInput#?#CompilerInput#?,JSSourceFile#79	2.1724961981316532E-4	0.0	1.3034977188789917E-4		_
com.google.javascript.jscomp.CompilerInput#?#CompilerInput#?,JSSourceFile,boolean#83	2.1724961981316532E-4	0.0	1.3034977188789917E-4		_
com.google.javascript.jscomp.CompilerInput#String#getName#?#91	2.1724961981316532E-4	0.0	1.3034977188789917E-4		_
com.google.javascript.jscomp.PrepareAst$PrepareAnnotations#?#PrepareAnnotations#?,AbstractCompiler#132	2.161227577263886E-4	0.0	1.2967365463583316E-4		_
com.google.javascript.jscomp.PrepareAst#?#PrepareAst#?,AbstractCompiler#41	2.161227577263886E-4	0.0	1.2967365463583316E-4		_
com.google.javascript.jscomp.Compiler#void#prepareAst#?,Node#1478	2.161227577263886E-4	0.0	1.2967365463583316E-4		_
com.google.javascript.jscomp.PrepareAst#?#PrepareAst#?,AbstractCompiler,boolean#46	2.161227577263886E-4	0.0	1.2967365463583316E-4		_
com.google.javascript.jscomp.CompilerOptions$TracerMode#boolean#isOn#?#987	2.16076058772688E-4	0.0	1.296456352636128E-4		_
com.google.javascript.rhino.Node#Node#getLastChild#?#539	2.1565667457407807E-4	0.0	1.2939400474444685E-4		_
com.google.javascript.jscomp.NodeTraversal#String#getSourceName#?,Node#628	2.1565667457407807E-4	0.0	1.2939400474444685E-4		_
com.google.javascript.jscomp.Compiler#ErrorReporter#getDefaultErrorReporter#?#1165	2.155636990730761E-4	0.0	1.2933821944384564E-4		_
com.google.javascript.jscomp.JsAst#void#createAst#?,AbstractCompiler#78	2.155636990730761E-4	0.0	1.2933821944384564E-4		_
com.google.javascript.jscomp.CodeChangeHandler$RecentChange#boolean#hasCodeChanged#?#43	2.1547080370609782E-4	0.0	1.292824822236587E-4		_
com.google.javascript.jscomp.Tracer$ThreadTrace#boolean#isInitialized#?#758	2.1547080370609782E-4	0.0	1.292824822236587E-4		_
com.google.javascript.jscomp.Compiler#boolean#hasHaltingErrors#?#1598	2.1547080370609782E-4	0.0	1.292824822236587E-4		_
com.google.javascript.jscomp.SourceFile#void#setCode#?,String#110	2.1542438604049978E-4	0.0	1.2925463162429985E-4		_
com.google.javascript.jscomp.SourceFile$Preloaded#?#Preloaded#?,String,String#292	2.1542438604049978E-4	0.0	1.2925463162429985E-4		_
com.google.javascript.jscomp.SourceFile#void#setOriginalPath#?,String#118	2.1542438604049978E-4	0.0	1.2925463162429985E-4		_
com.google.javascript.jscomp.SourceFile$Preloaded#?#Preloaded#?,String,String,String#298	2.1542438604049978E-4	0.0	1.2925463162429985E-4		_
com.google.javascript.jscomp.JSSourceFile#?#JSSourceFile#?,SourceFile#73	2.1542438604049978E-4	0.0	1.2925463162429985E-4		_
com.google.javascript.jscomp.SourceFile#SourceFile#fromCode#?,String,String#252	2.1542438604049978E-4	0.0	1.2925463162429985E-4		_
com.google.javascript.jscomp.SourceFile#?#SourceFile#?,String#80	2.1542438604049978E-4	0.0	1.2925463162429985E-4		_
com.google.javascript.jscomp.JsAst#?#JsAst#?,SourceFile#45	2.1542438604049978E-4	0.0	1.2925463162429985E-4		_
com.google.javascript.jscomp.JSSourceFile#JSSourceFile#fromCode#?,String,String#55	2.1542438604049978E-4	0.0	1.2925463162429985E-4		_
com.google.javascript.jscomp.SourceFile#String#getName#?#136	2.1542438604049978E-4	0.0	1.2925463162429985E-4		_
com.google.javascript.jscomp.JSSourceFile#String#getCode#?#78	2.1528525296017224E-4	0.0	1.2917115177610335E-4		_
com.google.javascript.jscomp.SourceFile#String#getCode#?#94	2.1528525296017224E-4	0.0	1.2917115177610335E-4		_
com.google.javascript.jscomp.CompilerOptions#CodingConvention#getCodingConvention#?#915	2.1519259737465033E-4	0.0	1.291155584247902E-4		_
com.google.javascript.jscomp.Compiler#CodingConvention#getCodingConvention#?#1523	2.1519259737465033E-4	0.0	1.291155584247902E-4		_
com.google.javascript.jscomp.NodeTraversal$AbstractPostOrderCallback#boolean#shouldTraverse#?,NodeTraversal,Node,Node#131	2.1510002151000216E-4	0.0	1.290600129060013E-4		_
com.google.javascript.jscomp.Compiler#boolean#isIdeMode#?#1528	2.1496130696474635E-4	0.0	1.289767841788478E-4		_
com.google.javascript.jscomp.NodeTraversal#void#traverse#?,AbstractCompiler,Node,Callback#426	2.1473051320592657E-4	0.0	1.2883830792355595E-4		_
com.google.javascript.jscomp.NodeTraversal#void#traverse#?,Node#250	2.1473051320592657E-4	0.0	1.2883830792355595E-4		_
com.google.javascript.jscomp.NodeTraversal#?#NodeTraversal#?,AbstractCompiler,Callback#200	2.1468441391155003E-4	0.0	1.2881064834693003E-4		_
com.google.javascript.rhino.Node#Node#getParent#?#1236	2.14638334406525E-4	0.0	1.28783000643915E-4		_
com.google.javascript.jscomp.SyntacticScopeCreator#?#SyntacticScopeCreator#?,AbstractCompiler#58	2.1459227467811158E-4	0.0	1.2875536480686693E-4		_
com.google.javascript.jscomp.parsing.IRFactory$TransformDispatcher#Node#processName#?,Name#627	2.103049421661409E-4	0.0	1.2618296529968452E-4		_
com.google.javascript.jscomp.parsing.IRFactory$TransformDispatcher#Node#processAstRoot#?,AstRoot#349	2.087246921310791E-4	0.0	1.2523481527864746E-4		_
com.google.javascript.jscomp.parsing.IRFactory#?#IRFactory#?,String,String,Config,ErrorReporter#118	2.0863759649488838E-4	0.0	1.2518255789693302E-4		_
com.google.javascript.jscomp.parsing.IRFactory#Node#justTransform#?,AstNode#275	2.0863759649488838E-4	0.0	1.2518255789693302E-4		_
com.google.javascript.rhino.Node#JSDocInfo#getJSDocInfo#?#1928	2.0807324178110696E-4	0.0	1.2484394506866417E-4		_
com.google.javascript.jscomp.parsing.ParserRunner#Config#createConfig#?,boolean#48	2.0768431983385254E-4	0.0	1.2461059190031152E-4		_
com.google.javascript.rhino.Node#void#setIsSyntheticBlock#?,boolean#1979	2.0738282870178348E-4	0.0	1.244296972210701E-4		_
com.google.javascript.rhino.Node#FileLevelJsDocBuilder#getJsDocBuilderForNode#?#1894	2.068680182043856E-4	0.0	1.2412081092263134E-4		_
com.google.javascript.rhino.Node$StringNode#String#getString#?#302	2.0669698222405952E-4	0.0	1.240181893344357E-4		_
com.google.javascript.rhino.Node#Node#newString#?,int,String#511	2.0470829068577277E-4	0.0	1.2282497441146365E-4		_
com.google.javascript.rhino.Node#void#putBooleanProp#?,int,boolean#802	2.0445716622367614E-4	0.0	1.226742997342057E-4		_
com.google.javascript.rhino.Node#Node#getNext#?#543	2.035416242621616E-4	0.0	1.2212497455729696E-4		_
com.google.javascript.rhino.Node#Node#getFirstChild#?#535	1.976284584980237E-4	0.0	1.1857707509881423E-4		_
com.google.javascript.jscomp.parsing.Config#?#Config#?,Set<String>,Set<String>,boolean#59	1.9425019425019425E-4	0.0	1.1655011655011655E-4		_
com.google.javascript.jscomp.DiagnosticType#DiagnosticType#error#?,String,String#51	0.0	0.0	0.0		_
com.google.javascript.jscomp.parsing.ParserRunner#Set<String>#extractList#?,String#67	0.0	0.0	0.0		_
com.google.javascript.jscomp.DiagnosticType#DiagnosticType#disabled#?,String,String#74	0.0	0.0	0.0		_
com.google.javascript.jscomp.DiagnosticType#DiagnosticType#warning#?,String,String#62	0.0	0.0	0.0		_
com.google.javascript.jscomp.DiagnosticType#DiagnosticType#make#?,String,CheckLevel,String#87	0.0	0.0	0.0		_
com.google.javascript.jscomp.DiagnosticGroup#?#DiagnosticGroup#?,DiagnosticGroup#71	0.0	0.0	0.0		_
com.google.javascript.jscomp.DiagnosticGroup#?#DiagnosticGroup#?,DiagnosticType#42	0.0	0.0	0.0		_
com.google.javascript.rhino.jstype.JSType#boolean#equals#?,Object#321	0.0	0.0	0.0		_
com.google.javascript.jscomp.DiagnosticGroups#DiagnosticGroup#registerGroup#?,String,DiagnosticGroup#38	0.0	0.0	0.0		_
com.google.javascript.jscomp.DiagnosticType#?#DiagnosticType#?,String,CheckLevel,MessageFormat#99	0.0	0.0	0.0		_
