line	original_score	max_predicate_score	total	predicate	label
com.google.javascript.rhino.jstype.TemplateTypeMapReplacer#JSType#caseTemplateType#?,TemplateType#70	0.34299717028501764	0.34299717028501764	0.3260375141774463	hasVisitedType(type) || !replacements.hasTemplateType(type)	_
com.google.javascript.jscomp.TypeInference#void#resolvedTemplateType#?,Map<TemplateType,JSType>,TemplateType,JSType#1148	0.31622776601683794	0.31622776601683794	0.29514591494904874	!(previous == null)	_
com.google.javascript.jscomp.TypeInference#Map<TemplateType,JSType>#inferTemplateTypesFromParameters#?,FunctionType,Node#1040	0.3333333333333333	0.3333333333333333	0.2949509379141286	NodeUtil.isGet(callTarget)	_
com.google.javascript.jscomp.TypeValidator#void#registerMismatch#?,JSType,JSType,JSError#687	0.2886751345948129	0.2886751345948129	0.2886751345948129	paramItA.hasNext() && paramItB.hasNext()	_
com.google.javascript.rhino.jstype.JSType#boolean#checkEquivalenceHelper#?,JSType,EquivalenceMethod#620	0.35355339059327373	0.35355339059327373	0.2863896258416308	isTemplateType() && that.isTemplateType()	_
com.google.javascript.jscomp.TypeValidator#void#registerIfMismatch#?,JSType,JSType,JSError#699	0.1889822365046136	0.2886751345948129	0.26873655497677307	!(found != null && required != null && !found.isSubtype(required))	_
com.google.javascript.jscomp.TypeInference#JSType#getPropertyType#?,JSType,String,Node,FlowScope#1354	0.31622776601683794	0.31622776601683794	0.25855175275018244	!restrictedObjType.getTemplateTypeMap().isEmpty() && propertyType.hasAnyTemplateTypes()	_
com.google.javascript.rhino.jstype.ModificationVisitor#JSType#caseFunctionType#?,FunctionType#94	0.3086066999241838	0.3086066999241838	0.25315683239523773	!type.isOrdinaryFunction()	_
com.google.javascript.jscomp.TypeInference#void#maybeResolveTemplatedType#?,JSType,JSType,Map<TemplateType,JSType>#1091	0.22645540682891913	0.23249527748763857	0.2312873033558947	!(paramType.isTemplatizedType())	_
com.google.javascript.jscomp.TypeInference#void#updateTypeOfParameters#?,Node,FunctionType#1021	0.1336306209562122	0.25	0.22672612419124244	!(iArgument.isFunction() && iArgumentType.isFunctionType() && iArgument.getJSDocInfo() == null)	_
com.google.javascript.jscomp.TypeInference#void#maybeResolveTemplateTypeFromNodes#?,Iterator<Node>,Iterator<Node>,Map<TemplateType,JSType>#1133	0.21081851067789195	0.21566554640687682	0.21469613926107986	!(declParam.isVarArgs())	_
com.google.javascript.jscomp.FunctionTypeBuilder#FunctionTypeBuilder#inferInheritance#?,JSDocInfo#352	0.22086305214969307	0.22086305214969307	0.18278189075848617	isConstructor || isInterface	_
com.google.javascript.rhino.jstype.TemplateTypeMap#boolean#hasTemplateKey#?,TemplateType#114	0.21081851067789195	0.21081851067789195	0.17475191615081048	entry == templateKey	_
com.google.javascript.jscomp.TypeInference#void#backwardsInferenceFromCallSite#?,Node,FunctionType#966	0.20851441405707477	0.20851441405707477	0.17467434258536735	updatedFnType	_
com.google.javascript.rhino.jstype.ArrowType#boolean#isSubtype#?,JSType#120	0.17677669529663687	0.17677669529663687	0.1476713562373095	thatParamType == null || !thatParamType.isSubtype(thisParamType)	_
com.google.javascript.rhino.jstype.ModificationVisitor#JSType#caseUnionType#?,UnionType#211	0.1414213562373095	0.1414213562373095	0.13445715662540864	changed	_
com.google.javascript.jscomp.TypeValidator#String#getReadableJSTypeName#?,Node,boolean#753	0.1336306209562122	0.1336306209562122	0.1336306209562122	objectType != null && !objectType.hasOwnProperty(propName)	_
com.google.javascript.jscomp.TypeInference#boolean#inferTemplatedTypesForCall#?,Node,FunctionType#1187	0.1414213562373095	0.1414213562373095	0.12099989632955511	!(keys.isEmpty())	GT
com.google.javascript.jscomp.ClosureCodingConvention#Bind#describeFunctionBind#?,Node,boolean#401	0.05395561278850259	0.12126781251816648	0.10618605337409429	!(name != null)	_
com.google.javascript.jscomp.CodingConventions$DefaultCodingConvention#Bind#describeFunctionBind#?,Node,boolean#431	0.053916386601719206	0.11952286093343936	0.104770863985877	!(name != null)	_
com.google.javascript.jscomp.parsing.JsDocInfoParser#ExtractionInfo#extractSingleLineBlock#?#1442	0.03026830698430012	0.11009637651263607	0.09412108006226386	stream.getCharno() + 1>lineno	_
com.google.javascript.jscomp.parsing.JsDocInfoParser#Node#parseFunctionType#?,JsDocToken#1986	0.0575435337648436	0.0936585811581694	0.08643557167950425	!(isThis || isNew)	_
com.google.javascript.jscomp.TypeInference#FlowScope#dereferencePointer#?,Node,FlowScope#1310	0.027713699773684663	0.09245003270420485	0.07949851391958099	!(n.isQualifiedName())	_
com.google.javascript.rhino.Node#String#getQualifiedName#?#1581	0.08703882797784893	0.08703882797784893	0.0741026394250782	left == null	_
com.google.javascript.rhino.jstype.JSTypeRegistry#JSType#createFromTypeNodesInternal#?,Node,String,StaticScope<JSType>#1701	0.06804138174397717	0.07142857142857142	0.06751237409016139	!(current.getType() == Token.THIS || current.getType() == Token.NEW)	_
com.google.javascript.jscomp.parsing.JsDocInfoParser#Node#parseResultType#?,JsDocToken#2138	0.06622661785325219	0.06622661785325219	0.06594536875364504	!(match(JsDocToken.STRING) && "void".equals(stream.getString()))	_
com.google.javascript.jscomp.parsing.JsDocInfoParser#Node#parseParametersType#?,JsDocToken#2101	0.0604122093330177	0.06537204504606134	0.06438007790345261	!(match(JsDocToken.EQUALS))	_
com.google.javascript.rhino.jstype.ArrowType#boolean#checkArrowEquivalenceHelper#?,ArrowType,EquivalenceMethod#216	0.07254762501100116	0.07254762501100116	0.06406148602816927	!returnType.checkEquivalenceHelper(that.returnType,eqMethod)	_
com.google.javascript.rhino.jstype.FunctionType#int#getMinArguments#?#300	0.06401843996644799	0.06401843996644799	0.061959058160163456	!n.isOptionalArg() && !n.isVarArgs()	_
com.google.javascript.jscomp.TypeCheck#void#visitNew#?,NodeTraversal,Node#1630	0.06108472217815261	0.06108472217815261	0.06099455899433874	fnType != null && fnType.hasInstanceType()	_
com.google.javascript.rhino.jstype.FunctionType#String#toStringHelper#?,boolean#963	0.04303314829119352	0.06482037235521644	0.06046292754241186	!(hasKnownTypeOfThis)	_
com.google.javascript.jscomp.ClosureCodingConvention#SubclassType#typeofClassDefiningName#?,Node#178	0.05817297271631501	0.059496411730872965	0.059231723927961374	!(methodName.equals("mixin"))	_
com.google.javascript.jscomp.TypeInference#FlowScope#traverseNew#?,Node,FlowScope#1238	0.05857074126574227	0.05857074126574227	0.05854071776933353	inferredTypes.isEmpty()	_
com.google.javascript.jscomp.TypeCheck#void#visitParameterList#?,NodeTraversal,Node,FunctionType#1842	0.0580747904139041	0.0580747904139041	0.0580747904139041	parameters.hasNext()	_
com.google.javascript.jscomp.TypeValidator#void#expectArgumentMatchesParameter#?,NodeTraversal,Node,JSType,JSType,Node,int#425	0.0580747904139041	0.053760333057047034	0.054623224528418446	!argType.isSubtype(paramType)	_
com.google.javascript.rhino.jstype.FunctionType#int#getMaxArguments#?#316	0.04132725408219594	0.05684204228032045	0.05373908464069555	params.getChildCount()!=0	_
com.google.javascript.rhino.jstype.PrototypeObjectType#String#toStringHelper#?,boolean#227	0.05643326479831003	0.05643326479831003	0.05349445054994485	hasReferenceName()	_
com.google.javascript.rhino.jstype.FunctionType#void#appendArgString#?,StringBuilder,Node,boolean#987	0.0545544725589981	0.0545544725589981	0.05305078673103446	!(p.isOptionalArg())	_
com.google.javascript.rhino.jstype.PropertyMap#Property#getSlot#?,String#132	0.0582716546748065	0.0582716546748065	0.05212318544108087	prop != null	_
com.google.javascript.rhino.jstype.TemplateTypeMapReplacer#boolean#hasVisitedType#?,TemplateType#99	0.2581988897471611	0.0	0.05163977794943221		_
com.google.javascript.jscomp.TypeValidator#JSError#report#?,JSError#801	0.051031036307982884	0.051031036307982884	0.05099797432521554	shouldReport	_
com.google.javascript.rhino.jstype.ObjectType#JSType#getPropertyType#?,String#426	0.0481683050859088	0.0481683050859088	0.04814048619728853	!(isEmptyType())	_
com.google.javascript.jscomp.TypeCheck#void#visitCall#?,NodeTraversal,Node#1788	0.046726931351599776	0.04800153607373193	0.047746615129305496	!(functionJSDocInfo != null && functionJSDocInfo.getAssociatedNode() != null)	_
com.google.javascript.jscomp.TypedScopeCreator$AbstractScopeBuilder#FunctionType#findOverriddenFunction#?,ObjectType,String,TemplateTypeMap#1021	0.03163068526170533	0.05195243334661311	0.047443027895840234	!(propType != null && propType.isFunctionType())	_
com.google.javascript.rhino.jstype.UnionType#boolean#isSubtype#?,JSType#463	0.03806934938134405	0.049875466805381644	0.04657445988696531	!(!element.isSubtype(that))	_
com.google.javascript.jscomp.TypeInference#FlowScope#traverseCall#?,Node,FlowScope#872	0.04588314677411235	0.04588314677411235	0.04530121827116068	functionType.isFunctionType()	_
com.google.javascript.jscomp.JSError#?#JSError#?,String,Node,int,int,DiagnosticType,CheckLevel,String#158	0.03140371465106639	0.04856429311786321	0.045132177424503844	lineno>charno	_
com.google.javascript.jscomp.parsing.IRFactory#int#transformTokenType#?,int#1372	0.04485613040162566	0.04485613040162566	0.04485613040162566	Token.NEW>0	_
com.google.javascript.jscomp.parsing.JsDocInfoParser#Node#parseBasicTypeExpression#?,JsDocToken#1907	0.04902903378454601	0.04902903378454601	0.044265154824344455	"function".equals(string)	_
com.google.javascript.jscomp.TypeInference#FlowScope#tightenTypesAfterAssertions#?,FlowScope,Node#891	0.0435813633640409	0.0435813633640409	0.04345979154310352	assertionFunctionSpec == null || firstParam == null	_
com.google.javascript.jscomp.TypedScopeCreator$AbstractScopeBuilder#void#checkForClassDefiningCalls#?,NodeTraversal,Node#1416	0.042973504259354006	0.04351941398892446	0.04341023204301037	!(relationship != null)	_
com.google.javascript.jscomp.ClosureCodingConvention#ObjectLiteralCast#getObjectLiteralCast#?,Node#335	0.0430730492253948	0.0430730492253948	0.04305314023218664	!"goog.reflect.object".equals(callName.getQualifiedName()) || callNode.getChildCount() != 3	_
com.google.javascript.jscomp.TypeCheck#void#visitVar#?,NodeTraversal,Node#1612	0.04456565178215864	0.04456565178215864	0.042940926596516944	!(var.isTypeInferred())	_
com.google.javascript.jscomp.TypeInference#void#maybeResolveTemplateTypeFromNodes#?,Iterable<Node>,Iterable<Node>,Map<TemplateType,JSType>#1119	0.21081851067789195	0.0	0.04216370213557838		_
com.google.javascript.jscomp.TypeInference$TemplateTypeReplacer#JSType#caseTemplateType#?,TemplateType#1173	0.20851441405707477	0.0	0.041702882811414946		_
com.google.javascript.jscomp.TypedScopeCreator$CollectProperties#void#visit#?,NodeTraversal,Node,Node#1810	0.041666666666666664	0.041666666666666664	0.041666666666666664	!(n.isExprResult())	_
com.google.javascript.jscomp.TypeInference#void#updateScopeForTypeChange#?,FlowScope,Node,JSType,JSType#540	0.03336114588162908	0.04325398698483402	0.041275418764193036	!(!isVarDeclaration || var == null || var.isTypeInferred())	_
com.google.javascript.jscomp.TypeInference#void#inferPropertyTypesToMatchConstraint#?,JSType,JSType#1298	0.04019339355290704	0.04019339355290704	0.04016433215695837	!(type == null || constraint == null)	_
com.google.javascript.jscomp.TypeInference#void#updateBind#?,Node#980	0.039344473768231684	0.039344473768231684	0.03933839035429286	bind == null	_
com.google.javascript.jscomp.TypedScopeCreator#Scope#createScope#?,Node,Scope#244	0.041666666666666664	0.041666666666666664	0.039156792345143215	!fnThisType.isUnknownType()	_
com.google.javascript.rhino.jstype.ModificationVisitor#JSType#caseObjectType#?,ObjectType#147	0.19425717247145283	0.0	0.03885143449429056		_
com.google.javascript.jscomp.BasicErrorManager#void#report#?,CheckLevel,JSError#48	0.03826393658966905	0.03826393658966905	0.03826393658966905	level == CheckLevel.WARNING	_
com.google.javascript.rhino.jstype.FunctionType#boolean#isSubtype#?,JSType#1024	0.04052204492365539	0.04052204492365539	0.038023154485636416	JSType.isSubtypeHelper(this,that)	_
com.google.javascript.rhino.jstype.UnionType#String#toStringHelper#?,boolean#442	0.03790490217894517	0.03790490217894517	0.03790490217894517	!firstAlternate	_
com.google.javascript.jscomp.ClosureCodingConvention#String#getSingletonGetterClassName#?,Node#289	0.0377694787300249	0.0377694787300249	0.03775336659846401	!("goog.addSingletonGetter".equals(callName) || "goog$addSingletonGetter".equals(callName)) || callNode.getChildCount() != 2	_
com.google.javascript.jscomp.TypeValidator#JSType#getJSType#?,Node#785	0.03747658444979307	0.03747658444979307	0.03747658444979307	!(jsType == null)	_
com.google.javascript.jscomp.ClosureCodingConvention#SubclassRelationship#getClassesDefinedByCall#?,Node#104	0.03762217653220669	0.03767554134843718	0.03742641966471434	!(type != null)	_
com.google.javascript.rhino.jstype.PrototypeObjectType#void#matchConstraint#?,JSType#430	0.03742405942825599	0.03742405942825599	0.03683170271056057	hasReferenceName()	_
com.google.javascript.jscomp.JSError#int#getCharno#?#214	0.034731435582359395	0.03630966210657986	0.03599401680173577	charno>0	_
com.google.javascript.jscomp.BasicErrorManager#JSError[]#toArray#?,CheckLevel#106	0.03525631971083364	0.03566881875032108	0.03554720531221835	!(p.level == level)	_
com.google.javascript.jscomp.Compiler#void#report#?,JSError#2138	0.034815531191139566	0.03582871819500093	0.035455330664113986	!(newLevel != null)	_
com.google.javascript.jscomp.SuppressDocWarningsGuard#CheckLevel#level#?,JSError#65	0.03513641844631533	0.03513641844631533	0.03510839112556643	type == Token.SCRIPT	_
com.google.javascript.jscomp.BasicErrorManager$LeveledJSErrorComparator#int#compare#?,ErrorWithLevel,ErrorWithLevel#148	0.034964180063753285	0.03497487083913345	0.034972732684057414	!(sourceCompare != 0)	_
com.google.javascript.jscomp.TypeValidator#boolean#expectCanAssignTo#?,NodeTraversal,Node,JSType,JSType,String#405	0.03463755256929106	0.03434014098717226	0.03439962330359602	!rightType.isSubtype(leftType)	_
com.google.javascript.jscomp.PrepareAst$PrepareAnnotations#void#annotateCalls#?,Node#169	0.023366654574426052	0.036025803716501	0.03349397388808601	!(!NodeUtil.isGet(first))	_
com.google.javascript.jscomp.TypeInference#FlowScope#traverseName#?,Node,FlowScope#683	0.03431991115272901	0.03431991115272901	0.032773686311816715	value != null	_
com.google.javascript.jscomp.FunctionTypeBuilder#FunctionTypeBuilder#inferFromOverriddenFunction#?,FunctionType,Node#276	0.03163859985841663	0.03163859985841663	0.03163859985841663	oldParams.hasNext()	_
com.google.javascript.jscomp.ComposeWarningsGuard#CheckLevel#level#?,JSError#113	0.03251280443811776	0.03162277660168379	0.03160859419990969	!(newLevel != null)	_
com.google.javascript.jscomp.FunctionTypeBuilder#FunctionType#buildAndRegister#?#674	0.03254722774520597	0.03254722774520597	0.03141673118497583	!contents.mayHaveNonEmptyReturns() && !contents.mayHaveSingleThrow() && !contents.mayBeFromExterns()	_
com.google.javascript.jscomp.parsing.JsDocInfoParser#JsDocToken#parseAnnotation#?,JsDocToken,List<ExtendedTypeInfo>#825	0.03136507342239028	0.03136507342239028	0.03128486996013855	!(jsdocBuilder.shouldParseDocumentation())	_
com.google.javascript.rhino.InputId#boolean#equals#?,Object#66	0.031204323970714827	0.031204323970714827	0.031204323970714827	!(this == obj)	_
com.google.javascript.jscomp.TypedScopeCreator$AbstractScopeBuilder#void#maybeDeclareQualifiedName#?,NodeTraversal,JSDocInfo,Node,Node,Node#1618	0.02915439504656608	0.0315518645928133	0.03106742087026994	!((!ownerType.hasOwnProperty(propName) || ownerType.isPropertyTypeInferred(propName)) && ((isExtern && !ownerType.isNativeObjectType()) || !ownerType.isInstanceType()))	_
com.google.javascript.jscomp.FunctionTypeBuilder#FunctionTypeBuilder#inferParameterTypes#?,Node,JSDocInfo#534	0.03162277660168379	0.03162277660168379	0.031024204624485716	oldParameterType != null	_
com.google.javascript.jscomp.JSError#String#toString#?#203	0.1543033499620919	0.0	0.030860669992418377		_
com.google.javascript.rhino.jstype.FunctionType#boolean#checkFunctionEquivalenceHelper#?,FunctionType,EquivalenceMethod#917	0.030831320798910367	0.030831320798910367	0.03083132079891037	!(that.isInterface())	_
com.google.javascript.jscomp.FunctionTypeBuilder#FunctionType#getOrCreateConstructor#?#769	0.03065696697424829	0.030707514357253714	0.03069740488065263	!(!existingFn.hasEqualCallType(fnType))	_
com.google.javascript.jscomp.TypedScopeCreator$AbstractScopeBuilder#JSType#getDeclaredTypeInAnnotation#?,Node,JSDocInfo#729	0.03098634577648569	0.03098634577648569	0.030663811575649017	!ownerTypeKeys.isEmpty()	_
com.google.javascript.rhino.jstype.FunctionType#void#setSource#?,Node#1124	0.03065696697424829	0.03065696697424829	0.030656966974248294	source == null || prototypeSlot.getNode() == null	_
com.google.javascript.rhino.jstype.ArrowType#boolean#hasEqualParameters#?,ArrowType,EquivalenceMethod#201	0.03065696697424829	0.03065696697424829	0.03065408770975759	!(thisParam.isVarArgs() != otherParam.isVarArgs())	_
com.google.javascript.rhino.jstype.JSTypeRegistry#JSType#createRecordTypeFromNodes#?,Node,String,StaticScope<JSType>#1800	0.030606668389141996	0.030606668389141996	0.030606668389141996	!(fieldName.startsWith("'") || fieldName.startsWith("\""))	_
com.google.javascript.rhino.jstype.JSType#JSType#filterNoResolvedType#?,JSType#1025	0.03059950306810523	0.03059950306810523	0.03059950306810523	!(alt.isNoResolvedType())	_
com.google.javascript.jscomp.FunctionTypeBuilder#FunctionTypeBuilder#inferThisType#?,JSDocInfo,JSType#436	0.029456390796994282	0.030860669992418384	0.030575984088029345	!(thisType == null)	_
com.google.javascript.rhino.jstype.TemplateTypeMap#boolean#hasAnyTemplateTypesInternal#?#323	0.03062101414497502	0.03062101414497502	0.03055602653180342	templateValue.hasAnyTemplateTypes()	_
com.google.javascript.rhino.jstype.RecordType#boolean#isSubtype#?,ObjectType,RecordType#261	0.03053524082762296	0.03056375179632487	0.030555204483321986	!(!propA.isInvariant(propB))	_
com.google.javascript.jscomp.FunctionTypeBuilder#FunctionTypeBuilder#inferTemplateTypeName#?,JSDocInfo,JSType#603	0.030809363772410978	0.030809363772410978	0.030537491658466386	!ownerTypeKeys.isEmpty()	_
com.google.javascript.rhino.jstype.RecordType#boolean#isSubtype#?,JSType#225	0.030542361089076306	0.030542361089076306	0.030521104306535398	!that.isRecordType()	_
com.google.javascript.jscomp.TypeCheck#void#visitFunction#?,NodeTraversal,Node#1710	0.030506809498527247	0.030506809498527247	0.030506809498527247	!(functionType.makesDicts() && !proto.isDict())	_
com.google.javascript.rhino.jstype.ObjectType#T#visit#?,Visitor<T>#512	0.15249857033260467	0.0	0.030499714066520925		_
com.google.javascript.jscomp.TypeValidator#Var#expectUndeclaredVariable#?,String,CompilerInput,Node,Node,Var,String,JSType#558	0.030464311020268867	0.030464311020268867	0.030464311020268867	!(parent.isVar())	_
com.google.javascript.jscomp.parsing.JsDocInfoParser#Node#parseFieldType#?,JsDocToken#2318	0.03045724519365863	0.03045724519365863	0.03045724519365863	!(typeExpression == null)	_
com.google.javascript.jscomp.TypedScopeCreator$LocalScopeBuilder#void#declareArguments#?,Node#2077	0.02871832634470952	0.03089010316076077	0.03045574779755052	!(jsDocParameter != null)	_
com.google.javascript.rhino.jstype.RecordTypeBuilder#JSType#build#?#91	0.03044312827739915	0.03044312827739915	0.030443128277399152	!(isEmpty)	_
com.google.javascript.rhino.jstype.RecordTypeBuilder#RecordTypeBuilder#addProperty#?,String,JSType,Node#78	0.03044312827739915	0.03044312827739915	0.030443128277399152	!(properties.containsKey(name))	_
com.google.javascript.rhino.jstype.RecordType#?#RecordType#?,JSTypeRegistry,Map<String,RecordProperty>,boolean#95	0.030436077176371767	0.030436077176371767	0.030436077176371767	declared	_
com.google.javascript.rhino.jstype.RecordType#boolean#defineProperty#?,String,JSType,boolean,Node#137	0.030436077176371767	0.030436077176371767	0.03043466793559926	!(isFrozen)	_
com.google.javascript.rhino.JSDocInfoBuilder#boolean#recordTemplateTypeNames#?,List<String>#308	0.030414953233623677	0.030414953233623677	0.030414953233623677	currentInfo.declareTemplateTypeNames(names)	_
com.google.javascript.jscomp.parsing.JsDocInfoParser#Node#parseRecordType#?,JsDocToken#2254	0.030414953233623677	0.030414953233623677	0.030414953233623677	!(!match(JsDocToken.RC))	_
com.google.javascript.rhino.JSDocInfo#boolean#declareTemplateTypeNames#?,List<String>#975	0.030414953233623677	0.030414953233623677	0.030414953233623677	!(info.templateTypeNames != null)	_
com.google.javascript.jscomp.parsing.JsDocInfoParser#Node#parseFieldTypeList#?,JsDocToken#2280	0.030414953233623677	0.030414953233623677	0.030414953233623677	!match(JsDocToken.COMMA)	_
com.google.javascript.jscomp.FunctionTypeBuilder#boolean#isVarArgsParameter#?,Node,JSDocInfo#575	0.030860669992418384	0.030860669992418384	0.03041451933707339	codingConvention.isVarArgsParameter(param)	_
com.google.javascript.rhino.jstype.UnionTypeBuilder#UnionTypeBuilder#addAlternate#?,JSType#260	0.03036583457828513	0.03036583457828513	0.030357438494545898	!(currentIndex < functionTypePosition)	_
com.google.javascript.jscomp.FunctionTypeBuilder#boolean#addParameter#?,FunctionParamBuilder,JSType,boolean,boolean,boolean#640	0.030309989318003893	0.030309989318003893	0.030309989318003893	!(!builder.addVarArgs(paramType) && !warnedAboutArgList)	_
com.google.javascript.rhino.jstype.ProxyObjectType#int#hashCode#?#252	0.030261376633440123	0.03027524209883363	0.030272469005754928	referencedType.hashCode()>=0	_
com.google.javascript.jscomp.DiagnosticGroup#boolean#isSubGroup#?,DiagnosticGroup#118	0.03154401489382559	0.03154401489382559	0.030269945518619716	!(!matches(type))	_
com.google.javascript.jscomp.FunctionTypeBuilder#boolean#isOptionalParameter#?,Node,JSDocInfo#560	0.03065696697424829	0.03065696697424829	0.030251556922537316	codingConvention.isOptionalParameter(param)	_
com.google.javascript.rhino.jstype.TemplateTypeMap#int#getTemplateTypeIndex#?,TemplateType#170	0.03020610466650885	0.03020610466650885	0.03020610466650885	i >= 0	_
com.google.javascript.jscomp.TypedScopeCreator$AbstractScopeBuilder#void#finishConstructorDefinition#?,Node,String,FunctionType,Scope,CompilerInput,Var#1285	0.030671383606587218	0.030671383606587218	0.03020303388197051	prototypeVar != null && prototypeVar.scope == scopeToDeclareIn	_
com.google.javascript.rhino.jstype.TemplateTypeMap#TemplateTypeMap#addValues#?,ImmutableList<JSType>#277	0.030199216944456812	0.030199216944456812	0.030199216944456812	!(numUnfilledKeys < newValues.size())	_
com.google.javascript.rhino.jstype.FunctionType#JSType#resolveInternal#?,ErrorReporter,StaticScope<JSType>#1200	0.02698271635996567	0.031008683647302117	0.03019467150224535	!(maybeTypeOfThis instanceof ObjectType)	_
com.google.javascript.jscomp.parsing.JsDocInfoParser#Node#parseTypeName#?,JsDocToken#1952	0.03016484887033808	0.030912233386759316	0.030159366843059587	!(!match(JsDocToken.GT))	_
com.google.javascript.jscomp.parsing.JsDocInfoParser#Node#parseTypeExpressionList#?,JsDocToken#1817	0.03013743873394561	0.03013743873394561	0.03013743873394561	!(typeExpr == null)	_
com.google.javascript.jscomp.parsing.JsDocInfoParser#Node#parseTopLevelTypeExpression#?,JsDocToken#1799	0.0301237616564389	0.0301237616564389	0.030123761656438895	!(match(JsDocToken.PIPE))	_
com.google.javascript.rhino.JSDocInfoBuilder#void#markText#?,String,int,int,int,int#178	0.029585021936377368	0.03021299710348766	0.030087402070065602	!(currentMarker != null)	_
com.google.javascript.jscomp.parsing.JsDocInfoParser#Node#parseUnionTypeWithAlternate#?,JsDocToken,Node#2191	0.0301237616564389	0.030130597867046915	0.030087302329591635	!(alternate == null)	_
com.google.javascript.rhino.jstype.ArrowType#boolean#hasTemplatedParameterType#?#314	0.030048869150869045	0.030048869150869045	0.030048869150869045	!(type != null && type.hasAnyTemplateTypes())	_
com.google.javascript.rhino.JSDocInfoBuilder#boolean#recordThisType#?,JSTypeExpression#594	0.030042088406305484	0.030042088406305484	0.030040733175053045	type != null && !hasAnySingletonTypeTags() && !currentInfo.hasThisType()	_
com.google.javascript.jscomp.parsing.JsDocInfoParser#Node#parseParamTypeExpressionAnnotation#?,JsDocToken#1737	0.030035312250043286	0.030035312250043286	0.03003395793541667	!(token == JsDocToken.RC)	_
com.google.javascript.jscomp.FunctionTypeBuilder#FunctionTypeBuilder#inferThisType#?,JSDocInfo#459	0.03082399657483769	0.03082399657483769	0.030010158345347822	maybeThisType != null	_
com.google.javascript.jscomp.ComposeWarningsGuard#boolean#enables#?,DiagnosticGroup#152	0.03154401489382559	0.03154401489382559	0.029999818467118446	guard.disables(group)	_
com.google.javascript.rhino.jstype.JSTypeRegistry#JSType#createDefaultObjectUnion#?,JSType#1010	0.03045724519365863	0.03045724519365863	0.02999569145392266	type.isTemplateType()	_
com.google.javascript.jscomp.InferJSDocInfo#void#attachJSDocInfoToNominalTypeOrShape#?,ObjectType,JSDocInfo,String#207	0.029179207302160566	0.030282181982500447	0.029949383656321785	!(objType.hasReferenceName() && objType.getReferenceName().equals(qName))	_
com.google.javascript.jscomp.InferJSDocInfo#void#visit#?,NodeTraversal,Node,Node#142	0.03026830698430012	0.03026830698430012	0.029886265268181698	objType == null || objType.getJSDocInfo() != null	_
com.google.javascript.jscomp.parsing.JsDocTokenStream#JsDocToken#getJsDocToken#?#139	0.036661778755338326	0.03011693009684171	0.029885213259538464	c == '<'	_
com.google.javascript.rhino.JSDocInfo#ImmutableList<String>#getTemplateTypeNames#?#1582	0.03045724519365863	0.03045724519365863	0.029875835293562667	!(info == null || info.templateTypeNames == null)	_
com.google.javascript.rhino.JSDocInfo#int#getParameterCount#?#1062	0.02982749931359468	0.02982749931359468	0.02982749931359468	info.parameters.size()>0	_
com.google.javascript.jscomp.Compiler#void#initOptions#?,CompilerOptions#285	0.01723369655646452	0.03293324609693921	0.029793336188844274	!(errorManager == null)	_
com.google.javascript.jscomp.TypeCheck#void#ensureTyped#?,NodeTraversal,Node,JSType#2062	0.029708795551115327	0.0297219149138882	0.029719291041333626	!(info.isImplicitCast() && !inExterns)	_
com.google.javascript.jscomp.parsing.JsDocInfoParser#void#recordTypeNode#?,int,int,Node,boolean#181	0.02498828948331407	0.030882736974138632	0.02970384747597372	stream.getCharno()==lineno	_
com.google.javascript.jscomp.parsing.JsDocInfoParser#JsDocToken#parseModifiesTag#?,JsDocToken#1180	0.02964345833643761	0.029649972666444046	0.02964866980044276	!(!jsdocBuilder.recordModifies(modifies))	_
com.google.javascript.rhino.JSDocInfoBuilder#boolean#recordModifies#?,Set<String>#462	0.029649972666444046	0.029649972666444046	0.02964866980044276	!hasAnySingletonSideEffectTags() && currentInfo.setModifies(modifies)	_
com.google.javascript.jscomp.parsing.JsDocInfoParser#boolean#parseHelperLoop#?,JsDocToken,List<ExtendedTypeInfo>#270	0.030351844328946238	0.030351844328946238	0.029644928707884523	state == State.SEARCHING_NEWLINE	_
com.google.javascript.rhino.JSDocInfo#boolean#setModifies#?,Set<String>#787	0.02964345833643761	0.02964345833643761	0.02964345833643761	!(info.modifies != null)	_
com.google.javascript.jscomp.parsing.JsDocInfoParser#Node#parseAndRecordParamTypeNode#?,JsDocToken#1291	0.028143901789211678	0.029967801910127673	0.029603021885944474	stream.getCharno()<lineno	_
com.google.javascript.rhino.jstype.TemplateTypeMap#ImmutableList<T>#concatImmutableLists#?,ImmutableList<T>,ImmutableList<T>#309	0.029572082936442354	0.029572082936442354	0.029572082936442354	first.isEmpty()	_
com.google.javascript.jscomp.TypedScopeCreator$AbstractScopeBuilder#void#defineSlot#?,Node,Node,String,JSType,boolean#1194	0.03020610466650885	0.03020610466650885	0.029517761008928972	scopeToDeclareIn.isDeclared(variableName,false)	_
com.google.javascript.rhino.jstype.JSTypeRegistry#JSType#getType#?,String#897	0.03047138176680026	0.03047138176680026	0.029515455368827288	templateType != null	_
com.google.javascript.rhino.jstype.PrototypeObjectType#void#setPropertyJSDocInfo#?,String,JSDocInfo#154	0.029501220638256383	0.029507641624432812	0.029505074067937613	!(properties.getOwnProperty(propertyName) == null)	_
com.google.javascript.jscomp.TypeCheck#void#checkDeclaredPropertyInheritance#?,NodeTraversal,Node,FunctionType,String,JSDocInfo,JSType#1222	0.029501220638256383	0.029501220638256383	0.029492254670003965	!declaredOverride && !superClassHasProperty && !superInterfaceHasProperty	_
com.google.javascript.jscomp.ControlFlowAnalysis#Node#computeFollowNode#?,Node,Node,ControlFlowAnalysis#779	0.029469178464536953	0.029469178464536953	0.029469178464536956	nextSibling != null && nextSibling.isFunction()	_
com.google.javascript.jscomp.TypeCheck#boolean#hasUnknownOrEmptySupertype#?,FunctionType#1312	0.029462782549439483	0.029462782549439483	0.029462782549439483	!(ctor == null)	_
com.google.javascript.jscomp.TypeCheck#void#checkPropertyInheritanceOnGetpropAssign#?,NodeTraversal,Node,Node,String,JSDocInfo,JSType#1055	0.029443619762014213	0.029443619762014213	0.029439794672976367	functionType.isConstructor() || functionType.isInterface()	_
com.google.javascript.jscomp.FunctionTypeBuilder#FunctionTypeBuilder#inferReturnType#?,JSDocInfo,boolean#322	0.029418127445752545	0.029418127445752545	0.029418127445752545	returnTypeExpr != null	_
com.google.javascript.jscomp.TypeInference#void#inferArguments#?,Scope#148	0.029418127445752545	0.029418127445752545	0.02941558317515178	parameterTypeNode != null	_
com.google.javascript.rhino.jstype.TemplateTypeMap#int#numUnfilledTemplateKeys#?#126	0.027761716615534296	0.029820867295877664	0.02940903715980899	templateKeys.size() - templateValues.size()>0	_
com.google.javascript.jscomp.TypeInference#void#ensurePropertyDeclared#?,Node#649	0.029367340826186153	0.029367340826186153	0.029367340826186153	ownerType != null	_
com.google.javascript.rhino.jstype.ArrowType#int#hashCode#?#235	0.02934204595428665	0.02934204595428665	0.02934204595428665	paramType != null	_
com.google.javascript.rhino.JSDocInfo#boolean#declareParam#?,JSTypeExpression,String#955	0.028116077855776665	0.02953980956336956	0.02925506322185098	!(info.parameters == null)	_
com.google.javascript.rhino.JSDocInfo#void#setType#?,JSTypeExpression,int#1087	0.025742776142551403	0.030035312250043286	0.02917680502854491	(bitset & MASK_FLAGS) | mask!=mask	_
com.google.javascript.jscomp.TypeCheck#void#visitAssign#?,NodeTraversal,Node#928	0.02913582733740325	0.029166793258926023	0.02916060007462147	!(jsType.isInterface() && object.getLastChild().getString().equals("prototype"))	_
com.google.javascript.jscomp.TypeInference#void#ensurePropertyDefined#?,Node,JSType#611	0.02855977389887699	0.029285370632871136	0.029140251286072304	!(!objectType.isPropertyTypeDeclared(propName))	_
com.google.javascript.jscomp.TypedScopeCreator$AbstractScopeBuilder#void#visit#?,NodeTraversal,Node,Node#526	0.042973504259354006	0.02963694829829247	0.02906819686017641	!(t.getInput() == null || !t.getInput().isExtern())	_
com.google.javascript.jscomp.TypedScopeCreator$AbstractScopeBuilder#boolean#shouldUseFunctionLiteralType#?,FunctionType,JSDocInfo,Node#841	0.029179207302160566	0.029179207302160566	0.02905648573212888	info != null	_
com.google.javascript.rhino.jstype.FunctionType#int#hashCode#?#927	0.02903739520695205	0.02903739520695205	0.02903739520695205	isInterface() ? getReferenceName().hashCode() : call.hashCode()!=0	_
com.google.javascript.jscomp.TypeValidator#boolean#expectCanAssignToPropertyOf#?,NodeTraversal,Node,JSType,JSType,Node,String#370	0.029049644688706338	0.029049644688706338	0.02903620848480333	!(!leftType.isNoType() && !rightType.isSubtype(leftType))	_
com.google.javascript.rhino.JSDocInfo#JSTypeExpression#getParameterType#?,String#1015	0.02904351801043748	0.02904351801043748	0.02902887419654745	!(info == null || info.parameters == null)	_
com.google.javascript.rhino.jstype.FunctionType#JSType#getPropertyType#?,String#609	0.029012942659282972	0.029025161208007102	0.02902271749826228	!("apply".equals(name))	_
com.google.javascript.jscomp.TypeInference#boolean#ensurePropertyDeclaredHelper#?,Node,ObjectType#666	0.028421021140160225	0.029142012631462405	0.02899781433320197	!(propName.equals("prototype") || (!objectType.hasOwnProperty(propName) && (!objectType.isInstanceType() || (var.isExtern() && !objectType.isNativeObjectType()))))	_
com.google.javascript.jscomp.TypeCheck#boolean#propertyIsImplicitCast#?,ObjectType,String#1149	0.028976379389987237	0.028976379389987237	0.028971519619004224	!(type != null)	_
com.google.javascript.jscomp.TypedScopeCreator$AbstractScopeBuilder#boolean#isQualifiedNameInferred#?,String,Node,JSDocInfo,Node,JSType#1693	0.029117295059049423	0.029117295059049423	0.028936039588748845	info != null	_
com.google.javascript.jscomp.TypeInference#FlowScope#traverse#?,Node,FlowScope#430	0.0565685424949238	0.029367340826186153	0.028925127126884605	n.getFirstChild().isGetProp()	_
com.google.javascript.jscomp.TypedScopeCreator$AbstractScopeBuilder#FunctionType#createFunctionTypeFromNodes#?,Node,String,JSDocInfo,Node#936	0.02945000320268802	0.02945000320268802	0.028910963647628088	prototypeOwner != null && prototypeOwner.getTypeOfThis() != null	_
com.google.javascript.jscomp.TypedScopeCreator$AbstractScopeBuilder#JSType#getDeclaredType#?,JSDocInfo,Node,Node#1340	0.029373674772302332	0.029373674772302332	0.02890533260208561	info != null && info.hasType()	_
com.google.javascript.rhino.JSDocInfo#Set<String>#getParameterNames#?#1049	0.0292103118918493	0.0292103118918493	0.0288782886521152	!(info == null || info.parameters == null)	_
com.google.javascript.jscomp.parsing.JsDocInfoParser#void#skipEOLs#?#2469	0.02881353862860652	0.02881353862860652	0.028803993764538075	match(JsDocToken.STAR)	_
com.google.javascript.jscomp.TypedScopeCreator$AbstractScopeBuilder#ObjectType#getPrototypeOwnerType#?,ObjectType#1005	0.029285370632871136	0.029285370632871136	0.028776387160945504	ownerType != null && ownerType.isFunctionPrototypeType()	_
com.google.javascript.jscomp.TypedScopeCreator$AbstractScopeBuilder#void#defineName#?,Node,Node,JSDocInfo#825	0.027297554521630706	0.02913582733740325	0.02876817277424874	!(type == null)	_
com.google.javascript.rhino.jstype.JSTypeRegistry#void#addReferenceTypeIndexedByProperty#?,String,JSType#658	0.028700578896514575	0.028700578896514575	0.028700578896514575	!(type.isUnionType())	_
com.google.javascript.jscomp.TypeCheck#void#checkPropCreation#?,NodeTraversal,Node#1027	0.028671072793416005	0.02868286431058876	0.02868050600715421	!(objType.isStruct() && !objType.hasProperty(prop.getString()))	_
com.google.javascript.jscomp.FunctionTypeBuilder#Scope#getScopeDeclaredIn#?#816	0.028712406871010718	0.02873610675690391	0.028667359009829883	!(dotIndex != -1)	_
com.google.javascript.jscomp.ControlFlowAnalysis#void#handleStmtList#?,Node#499	0.028594780785029784	0.028594780785029784	0.028594780785029784	child != null && child.isFunction()	_
com.google.javascript.rhino.JSDocInfo#void#lazyInitInfo#?#686	0.02599376224550182	0.029216544754801246	0.028571988252941362	!(info == null)	_
com.google.javascript.rhino.Node#?#Node#?,int,int,int#443	0.024644450124838728	0.029533367559244683	0.028555584072363492	nodeType<charno	_
com.google.javascript.rhino.JSDocInfoBuilder#void#markName#?,String,StaticSourceFile,int,int#216	0.028104971365967134	0.02865929580676452	0.028548430918605046	!(currentMarker != null)	_
com.google.javascript.jscomp.TypeCheck#void#checkPropertyAccess#?,JSType,String,NodeTraversal,Node#1436	0.028501713717057404	0.02854813347699592	0.028538849525008216	!(propType.isEquivalentTo(typeRegistry.getNativeType(UNKNOWN_TYPE)))	_
com.google.javascript.rhino.jstype.FunctionType#Iterable<Node>#getParameters#?#279	0.028513297425610054	0.028513297425610054	0.028513297425610054	n != null	_
com.google.javascript.jscomp.TypeValidator#boolean#expectNotNullOrUndefined#?,NodeTraversal,Node,JSType,String,JSType#259	0.028501713717057404	0.028501713717057404	0.028501713717057404	!(!type.isNoType() && !type.isUnknownType() && type.isSubtype(nullOrUndefined)&& !containsForwardDeclaredUnresolvedName(type))	_
com.google.javascript.jscomp.TypeCheck#void#visitGetProp#?,NodeTraversal,Node,Node#1413	0.028501713717057404	0.028501713717057404	0.028501713717057404	!(childType.isDict())	_
com.google.javascript.rhino.jstype.JSType#boolean#isDict#?#308	0.028507503806241983	0.028507503806241983	0.028486766818219544	!(ctor == null)	_
com.google.javascript.rhino.jstype.FunctionType#boolean#makesDicts#?#240	0.0284785885905587	0.0284785885905587	0.0284785885905587	!(superc != null && superc.makesDicts())	_
com.google.javascript.jscomp.TypeCheck#void#process#?,Node,Node#390	0.028606478384531155	0.028606478384531155	0.02844395607726757	externsRoot != null	_
com.google.javascript.jscomp.TypeCheck#void#check#?,Node,boolean#423	0.028606478384531155	0.028606478384531155	0.02844395607726757	externs	_
com.google.javascript.rhino.jstype.FunctionType#Iterable<ObjectType>#getImplementedInterfaces#?#524	0.02844976118303832	0.02844976118303832	0.028434852484822318	!(superCtor == null)	_
com.google.javascript.jscomp.InferJSDocInfo#void#process#?,Node,Node#78	0.02853650727676748	0.028606478384531155	0.028431118246342944	!(root != null)	_
com.google.javascript.jscomp.TypedScopeCreator$LocalScopeBuilder#void#build#?#1990	0.02844976118303832	0.02844976118303832	0.028399768620863148	entry.getCount() == 1	_
com.google.javascript.jscomp.TypeCheck#void#checkEnumAlias#?,NodeTraversal,JSDocInfo,Node#1984	0.02837521769195829	0.02837521769195829	0.028372934431540632	declInfo == null || !declInfo.hasEnumParameterType()	_
com.google.javascript.jscomp.TypedScopeCreator$AbstractScopeBuilder#ObjectType#getObjectSlot#?,String#1753	0.02837521769195829	0.02837521769195829	0.028359292503309562	ownerVar != null	_
com.google.javascript.jscomp.TypedScopeCreator$LocalScopeBuilder#void#handleFunctionInputs#?,Node#2024	0.028352398856187136	0.02835809840370801	0.028356958494203836	!(fnVar == null || (fnVar.getNameNode() != null && fnVar.getInitialValue() != fnNode))	_
com.google.javascript.jscomp.TypedScopeCreator$DiscoverEnumsAndTypedefs#void#identifyNameNode#?,Node,JSDocInfo#398	0.028335320810953503	0.028341010063256785	0.02833987221279613	!(info.hasTypedefType())	_
com.google.javascript.jscomp.LinkedFlowScope#void#inferQualifiedSlot#?,Node,String,JSType,JSType#115	0.028194193721730047	0.02835809840370801	0.028325317467312417	!(functionScope.isLocal())	_
com.google.javascript.jscomp.parsing.JsDocTokenStream#?#JsDocTokenStream#?,String,int,int#48	0.021837392736013945	0.029900744762075358	0.028288074356863074	sourceString.length()<lineno	_
com.google.javascript.jscomp.NodeUtil#Node#getBestLValueOwner#?,Node#3162	0.028542318600985498	0.028542318600985498	0.028287273712280517	isGet(lValue)	_
com.google.javascript.jscomp.TypeInference$TemplateTypeReplacer#?#TemplateTypeReplacer#?,JSTypeRegistry,Map<TemplateType,JSType>#1164	0.1414213562373095	0.0	0.028284271247461894		_
com.google.javascript.rhino.jstype.JSType#JSType#collapseUnion#?#900	0.1414213562373095	0.0	0.028284271247461894		_
com.google.javascript.rhino.jstype.FunctionType#Property#getSlot#?,String#338	0.028278616089703196	0.028278616089703196	0.028248332376392675	"prototype".equals(name)	_
com.google.javascript.jscomp.TypedScopeCreator$FirstOrderFunctionAnalyzer#void#visit#?,NodeTraversal,Node,Node#2150	0.028199798372162455	0.028199798372162455	0.028198677442075975	ownerScope.isLocal()	_
com.google.javascript.rhino.jstype.JSType#boolean#isStruct#?#283	0.028205406366325913	0.028205406366325913	0.028179777617619858	!(ctor == null)	_
com.google.javascript.rhino.Node#?#Node#?,int,Node,int,int#450	0.02774034500604222	0.028278616089703196	0.028170961872971	mergeLineCharNo(lineno,charno)>charno	_
com.google.javascript.rhino.jstype.FunctionType#boolean#makesStructs#?#220	0.028155054514749173	0.028155054514749173	0.028155054514749173	!(superc != null && superc.makesStructs())	_
com.google.javascript.jscomp.parsing.JsDocTokenStream#int#getChar#?#364	0.026347739971327104	0.028606478384531155	0.028153816405363245	sourceCursor - 1>c	_
com.google.javascript.jscomp.parsing.JsDocInfoParser#Node#parseTypeExpression#?,JsDocToken#1871	0.02888557258759076	0.02888557258759076	0.028132854217120924	token == JsDocToken.BANG	_
com.google.javascript.rhino.JSDocInfoBuilder#boolean#recordParameter#?,String,JSTypeExpression#276	0.028116077855776665	0.028116077855776665	0.02811385655781476	!hasAnySingletonTypeTags() && currentInfo.declareParam(type,parameterName)	_
com.google.javascript.rhino.jstype.JSTypeRegistry#boolean#declareType#?,String,JSType#851	0.028110522965303447	0.028110522965303447	0.028110522965303447	!(namesToTypes.containsKey(name))	_
com.google.javascript.jscomp.TypedScopeCreator$DiscoverEnumsAndTypedefs#void#visit#?,NodeTraversal,Node,Node#381	0.02834670274385317	0.02834670274385317	0.02810661509306157	firstChild.isAssign()	_
com.google.javascript.jscomp.NodeUtil#Node#getBestLValue#?,Node#3125	0.028261670947211076	0.028261670947211076	0.028100651903332167	parent.isAssign()	_
com.google.javascript.jscomp.TypeCheck#boolean#visitName#?,NodeTraversal,Node,Node#1382	0.028027592733560525	0.028055154538562162	0.028049642177561833	!(type == null)	_
com.google.javascript.jscomp.TypedScopeCreator$AbstractScopeBuilder#void#defineFunctionLiteral#?,Node#807	0.028323952577472493	0.028323952577472493	0.02801780028352043	NodeUtil.isFunctionDeclaration(n)	_
com.google.javascript.jscomp.TypeCheck#boolean#shouldTraverse#?,NodeTraversal,Node,Node#467	0.02801659073402629	0.02801659073402629	0.028016590734026292	!(functionPrivateName != null && functionPrivateName.length() > 0 && outerScope.isDeclared(functionPrivateName,false) && !(outerScope.getVar(functionPrivateName).getType() instanceof FunctionType))	_
com.google.javascript.jscomp.TypeCheck#JSType#getJSType#?,Node#2007	0.02801659073402629	0.02801659073402629	0.028016590734026292	!(jsType == null)	_
com.google.javascript.jscomp.TypedScopeCreator$AbstractScopeBuilder#void#defineSlot#?,Node,Node,JSType,boolean#1137	0.028289929799333553	0.028289929799333553	0.0279867393654835	!(n.isName())	_
com.google.javascript.jscomp.Scope#JSType#getTypeOfThis#?#458	0.02801659073402629	0.02801659073402629	0.027977421427967605	isGlobal()	_
com.google.javascript.rhino.jstype.JSTypeRegistry#JSType#getType#?,StaticScope<JSType>,String,String,int,int#937	0.027967241578069804	0.027978185519626636	0.027975996731315268	!(type != null)	_
com.google.javascript.jscomp.TypeCheck#void#doPercentTypedAccounting#?,NodeTraversal,Node#892	0.027967241578069804	0.027967241578069804	0.027967241578069804	!(type == null)	_
com.google.javascript.jscomp.TypedScopeCreator$AbstractScopeBuilder#boolean#shouldTraverse#?,NodeTraversal,Node,Node#504	0.028323952577472493	0.028323952577472493	0.027948020915457446	NodeUtil.isHoistedFunctionDeclaration(child)	_
com.google.javascript.jscomp.TypeCheck#void#visit#?,NodeTraversal,Node,Node#871	0.05892556509887897	0.027967241578069804	0.02793256663209849	typeable	_
com.google.javascript.rhino.jstype.JSTypeRegistry#JSType#createOptionalType#?,JSType#998	0.030296076079117034	0.030296076079117034	0.02791604270422138	!(type instanceof UnknownType || type.isAllType())	_
com.google.javascript.rhino.jstype.PrototypeObjectType#boolean#isSubtype#?,JSType#330	0.030407921687296065	0.030407921687296065	0.027914683384629376	that.isRecordType()	_
com.google.javascript.jscomp.TypeCheck#void#checkNoTypeCheckSection#?,Node,boolean#439	0.027847699683560257	0.027847699683560257	0.027847699683560257	!(info != null && info.isNoTypeCheck())	_
com.google.javascript.jscomp.parsing.JsDocTokenStream#boolean#matchChar#?,int#259	0.026462806201248155	0.02934204595428665	0.02784476465174395	getCharIgnoreLineEnd()>test	_
com.google.javascript.jscomp.TypedScopeCreator$GlobalScopeBuilder#void#visit#?,NodeTraversal,Node,Node#1907	0.027767067240353285	0.027767067240353285	0.027764927608816315	n.hasOneChild()	_
com.google.javascript.rhino.JSDocInfoBuilder#boolean#recordReturnType#?,JSTypeExpression#525	0.027735009811261455	0.027735009811261455	0.027730747803746097	jsType != null && currentInfo.getReturnType() == null && !hasAnySingletonTypeTags()	_
com.google.javascript.rhino.jstype.UnionType#Collection<JSType>#getAlternates#?#92	0.02771902267775251	0.02771902267775251	0.02771902267775251	!(t.isUnionType())	_
com.google.javascript.rhino.jstype.JSType#boolean#isSubtypeHelper#?,JSType,JSType#1257	0.028121636040639855	0.027692438781085564	0.02767868642659236	!(thisType.isSubtype(element))	_
com.google.javascript.rhino.jstype.UnionTypeBuilder#JSType#reduceAlternatesWithoutUnion#?#303	0.027602622373694166	0.027602622373694166	0.027597372230352673	size == 1	_
com.google.javascript.rhino.jstype.PropertyMap#Iterable<PropertyMap>#getSecondaryParents#?#118	0.027560657131069862	0.027560657131069862	0.027560657131069862	Iterables.isEmpty(extendedInterfaces)	_
com.google.javascript.rhino.JSDocInfo#int#getImplementedInterfaceCount#?#1412	0.027555424922739644	0.027555424922739644	0.027555424922739644	0<=0	_
com.google.javascript.jscomp.ControlFlowAnalysis#boolean#shouldTraverse#?,NodeTraversal,Node,Node#224	0.02797271194322297	0.02797271194322297	0.02754042688377505	!(shouldTraverseFunctions || n == cfg.getEntry().getValue())	_
com.google.javascript.jscomp.Compiler#TypeValidator#getTypeValidator#?#1284	0.02643505285727147	0.027756369082668444	0.02749210583758905	!(typeValidator == null)	_
com.google.javascript.jscomp.TypedScopeCreator$GlobalScopeBuilder#void#checkForTypedef#?,NodeTraversal,Node,JSDocInfo#1930	0.02749286996141075	0.02749286996141075	0.02749183122068319	info == null || !info.hasTypedefType()	_
com.google.javascript.rhino.jstype.PropertyMap#PropertyMap#getPrimaryParent#?#99	0.027451402562301407	0.027451402562301407	0.02740846915686956	!(parentSource == null)	_
com.google.javascript.jscomp.TypedScopeCreator$AbstractScopeBuilder#boolean#isConstantSymbol#?,JSDocInfo,Node#1731	0.028524895269256473	0.02740497527678399	0.027386544828371707	!(info != null && info.isConstant())	_
com.google.javascript.rhino.JSDocInfo#JSTypeExpression#getType#?,int#1166	0.02763422240965594	0.02763422240965594	0.027339825526250805	!((MASK_TYPEFIELD & bitset) == typefield)	_
com.google.javascript.jscomp.TypedScopeCreator$AbstractScopeBuilder#void#defineVar#?,Node#773	0.027307730683968016	0.027307730683968016	0.027305695451500554	!(n.hasMoreThanOneChild())	_
com.google.javascript.rhino.jstype.JSTypeRegistry#void#resolveTypesInScope#?,StaticScope<JSType>#974	0.026977806394251295	0.027358782758229137	0.02728258748543357	!(scope != null && scope.getParentScope() == null)	_
com.google.javascript.jscomp.parsing.IRFactory#void#validateTypeAnnotations#?,JSDocInfo,AstNode#348	0.0287242494810713	0.02727723627949905	0.027270146676431198	!(!valid)	_
com.google.javascript.rhino.Node#void#putIntProp#?,int,int#856	0.016328843065300733	0.029914120179770517	0.027196847089757777	!(value != 0)	_
com.google.javascript.rhino.jstype.ProxyObjectType#void#setReferencedType#?,JSType#88	0.029411764705882353	0.029411764705882353	0.02718455245149398	referencedType instanceof ObjectType	_
com.google.javascript.rhino.jstype.UnionTypeBuilder#Collection<JSType>#getAlternates#?#110	0.02716629124620806	0.02716629124620806	0.027164287462902132	!(specialCaseType != null)	_
com.google.javascript.jscomp.MemoizedScopeCreator#Scope#createScope#?,Node,Scope#81	0.02719641466102106	0.02719641466102106	0.02715269300766711	!(scope == null)	_
com.google.javascript.jscomp.Scope$Var#void#resolveType#?,ErrorReporter#267	0.026987629007500225	0.026987629007500225	0.026987629007500225	type != null	_
com.google.javascript.jscomp.TypedScopeCreator$AbstractScopeBuilder#void#resolveTypes#?#474	0.027131273454519125	0.026987629007500225	0.026987629007500225	!(vars.hasNext())	_
com.google.javascript.jscomp.Scope#void#resolveTypes#?#629	0.026987629007500225	0.026987629007500225	0.026987629007500225	typeResolver != null	_
com.google.javascript.jscomp.NodeUtil#boolean#isLValue#?,Node#2079	0.026977806394251295	0.026977806394251295	0.026977806394251295	!(parent == null)	_
com.google.javascript.rhino.jstype.PrototypeObjectType#String#getReferenceName#?#304	0.02913582733740325	0.02913582733740325	0.026957713695766734	!(ownerFunction != null)	_
com.google.javascript.rhino.jstype.PrototypeObjectType#JSType#resolveInternal#?,ErrorReporter,StaticScope<JSType>#417	0.026948402781814772	0.026967994498529685	0.026957239554827893	!(implicitPrototype != null)	_
com.google.javascript.rhino.jstype.ArrowType#JSType#resolveInternal#?,ErrorReporter,StaticScope<JSType>#278	0.026938622922018266	0.026938622922018266	0.02693862292201827	!(paramNode != null)	_
com.google.javascript.rhino.jstype.UnionType#boolean#isUnknownType#?#267	0.026938622922018266	0.026933736983296295	0.026931784201866652	!(t.isUnknownType())	_
com.google.javascript.jscomp.NodeUtil#String#getBestLValueName#?,Node#3171	0.027051738586570836	0.027051738586570836	0.026887320705020895	lValue == null || lValue.getParent() == null	_
com.google.javascript.rhino.jstype.JSType#JSType#resolve#?,ErrorReporter,StaticScope<JSType>#1341	0.026865611794203895	0.026865611794203895	0.026855942680090648	!(resolved)	_
com.google.javascript.jscomp.FunctionTypeBuilder#void#maybeSetBaseType#?,FunctionType#727	0.026793191107712163	0.02680281337094487	0.02680088891829833	!(!fnType.isInterface() && baseType != null)	_
com.google.javascript.jscomp.FunctionTypeBuilder#FunctionTypeBuilder#setContents#?,FunctionContents#234	0.02680762839179948	0.02680762839179948	0.02679706379891725	contents != null	_
com.google.javascript.jscomp.TypeInference#JSType#getJSType#?,Node#1592	0.02679800094369162	0.02679800094369162	0.02679703897649573	!(jsType == null)	_
com.google.javascript.jscomp.TypedScopeCreator$LocalScopeBuilder#void#visit#?,NodeTraversal,Node,Node#2009	0.026793191107712163	0.026793191107712163	0.026793191107712163	n.isParamList() && parent == scope.getRootNode()	_
com.google.javascript.jscomp.TypedScopeCreator#AstFunctionContents#getFunctionAnalysisResults#?,Node#2175	0.026793191107712163	0.026793191107712163	0.026782643540818326	!(n == null)	_
com.google.javascript.jscomp.LinkedFlowScope$FlatFlowScopeCache#StaticSlot<JSType>#getSlot#?,String#493	0.02674045327324298	0.02674045327324298	0.026735679470047034	!(symbols.containsKey(name))	_
com.google.javascript.jscomp.TypedScopeCreator$FirstOrderFunctionAnalyzer#void#enterScope#?,NodeTraversal#2114	0.026793191107712163	0.026793191107712163	0.02672341173964918	!t.inGlobalScope()	_
com.google.javascript.jscomp.LinkedFlowScope#StaticSlot<JSType>#getSlot#?,String#144	0.02671658425726324	0.026721352947039242	0.026651208985130292	!(cache.dirtySymbols.contains(name))	_
com.google.javascript.jscomp.NodeTraversal#void#pushScope#?,Scope#610	0.026904477075708724	0.026904477075708724	0.02663334296364294	scopeCallback != null	_
com.google.javascript.jscomp.TypeInference#FlowScope#traverseChildren#?,Node,FlowScope#1255	0.026607604209509573	0.026607604209509573	0.026607604209509573	!(el != null)	_
com.google.javascript.rhino.JSDocInfoBuilder#boolean#recordType#?,JSTypeExpression#478	0.026570009553912904	0.026570009553912904	0.02656532637514931	type != null && !hasAnyTypeRelatedTags()	_
com.google.javascript.jscomp.TypedScopeCreator$FirstOrderFunctionAnalyzer#void#process#?,Node,Node#2105	0.026444294267397254	0.026444294267397254	0.026444294267397254	!(externs == null)	_
com.google.javascript.jscomp.TypeInference#FlowScope#flowThrough#?,Node,FlowScope#183	0.026444294267397254	0.026444294267397254	0.026444294267397254	!(input == bottomScope)	_
com.google.javascript.jscomp.DataFlowAnalysis$BranchedForwardDataFlowAnalysis#boolean#flow#?,DiGraphNode<N,Branch>#450	0.026439672351034522	0.026439672351034522	0.026439672351034522	!outBefore.get(i).equals(state.out.get(i))	_
com.google.javascript.jscomp.DataFlowAnalysis$BranchedForwardDataFlowAnalysis#void#joinInputs#?,DiGraphNode<N,Branch>#474	0.026439672351034522	0.026439672351034522	0.026439672351034522	!values.isEmpty()	_
com.google.javascript.jscomp.DataFlowAnalysis$BranchedForwardDataFlowAnalysis#void#initialize#?#398	0.026439672351034522	0.026439672351034522	0.026439672351034522	!(i < outEdgeCount)	_
com.google.javascript.jscomp.LinkedFlowScope#boolean#equals#?,Object#274	0.026444294267397254	0.026444294267397254	0.026436912744116265	this.getFunctionScope() != that.getFunctionScope()	_
com.google.javascript.jscomp.LinkedFlowScope#LinkedFlowScope#optimize#?#235	0.026425821129084495	0.026425821129084495	0.026425821129084495	current.parent != null && current.lastSlot == current.parent.lastSlot	_
com.google.javascript.jscomp.JoinOp$BinaryJoinOp#L#apply#?,List<L>#40	0.02643505285727147	0.02643505285727147	0.02640301839461526	size == 1	_
com.google.javascript.jscomp.NodeUtil#String#getSourceName#?,Node#2907	0.02636146871214824	0.02636146871214824	0.02636146871214824	sourceName == null && n != null	_
com.google.javascript.rhino.JSDocInfo#int#getExtendedInterfacesCount#?#1452	0.026211621926396828	0.026211621926396828	0.026211621926396828	0==0	_
com.google.javascript.jscomp.LinkedFlowScope#?#LinkedFlowScope#?,FlatFlowScopeCache,LinkedFlowScope#67	0.026122039907950832	0.026122039907950832	0.02611847862056931	directParent == null	_
com.google.javascript.jscomp.LinkedFlowScope#FlowScope#createChildFlowScope#?#164	0.02610423347104321	0.02610423347104321	0.02610423347104321	!(depth > MAX_DEPTH)	_
com.google.javascript.jscomp.parsing.JsDocInfoParser#Node#parseTypeExpressionAnnotation#?,JsDocToken#1706	0.02602455273530762	0.02602455273530762	0.026019273027561247	!(!match(JsDocToken.RC))	_
com.google.javascript.jscomp.NodeUtil#JSDocInfo#getBestJSDocInfo#?,Node#3097	0.02727723627949905	0.02727723627949905	0.025963809921907752	parent.isAssign()	_
com.google.javascript.jscomp.parsing.IRFactory#JsDocInfoParser#createJsDocInfoParser#?,Comment,Node#467	0.02313105010296125	0.0266359051615369	0.02593493414982177	node.getAbsolutePosition()<lineno	_
com.google.javascript.jscomp.parsing.JsDocInfoParser#boolean#lookAheadForTypeAnnotation#?#2522	0.02607315963394304	0.02607315963394304	0.025915745081396168	c == '{'	_
com.google.javascript.jscomp.ControlFlowAnalysis#boolean#mayThrowException#?,Node#926	0.028988551782622423	0.026113132136197217	0.025897551825347934	!(!ControlFlowGraph.isEnteringNewCfgNode(c) && mayThrowException(c))	_
com.google.javascript.jscomp.Scope#boolean#isDeclared#?,String,boolean#554	0.027358782758229137	0.027358782758229137	0.02571412034952111	scope.vars.containsKey(name)	_
com.google.javascript.jscomp.parsing.JsDocInfoParser#Node#parseAndRecordTypeNode#?,JsDocToken,int,int,boolean,boolean#1317	0.025704477917313395	0.025704477917313395	0.02565180084699856	!(onlyParseSimpleNames)	_
com.google.javascript.rhino.jstype.ObjectType#boolean#isUnknownType#?#558	0.02752930850617836	0.02752930850617836	0.025619906035571443	!(implicitProto == null || implicitProto.isNativeObjectType())	_
com.google.javascript.jscomp.parsing.JsDocInfoParser#JsDocToken#eatTokensUntilEOL#?,JsDocToken#2399	0.026302131939952095	0.026302131939952095	0.02551104903965495	!(token == JsDocToken.EOL || token == JsDocToken.EOC || token == JsDocToken.EOF)	_
com.google.javascript.jscomp.DataFlowAnalysis#void#analyze#?,int#219	0.02557385846437822	0.02558641210587601	0.025503065833023628	!(nextNode != cfg.getImplicitReturn())	_
com.google.javascript.jscomp.ControlFlowAnalysis$AstControlFlowGraph#Comparator<DiGraphNode<Node,Branch>>#getOptionalNodeComparator#?,boolean#1029	0.0255696780216099	0.0255696780216099	0.025483312535686933	isForward	_
com.google.javascript.rhino.JSDocInfoBuilder#void#markTypeNode#?,Node,int,int,int,int,boolean#192	0.02498828948331407	0.025527986035582786	0.025420046725129042	!(currentMarker != null)	_
com.google.javascript.rhino.jstype.UnionTypeBuilder#JSType#build#?#319	0.01778779446756258	0.02732301628868249	0.025405047541605535	!(result == null)	_
com.google.javascript.rhino.JSDocInfoBuilder#boolean#recordConstructor#?#745	0.025395929612637445	0.025395929612637445	0.02539347451577805	!hasAnySingletonTypeTags() && !currentInfo.isConstructor() && !currentInfo.isInterface()	_
com.google.javascript.jscomp.DataFlowAnalysis#?#DataFlowAnalysis#?,ControlFlowGraph<N>,JoinOp<L>#125	0.025149772741392844	0.025149772741392844	0.025147388311513287	nodeComparator != null	_
com.google.javascript.jscomp.graph.LinkedDirectedGraph#List<DiGraphNode<N,E>>#getDirectedPredNodes#?,DiGraphNode<N,E>#230	0.025145796807016344	0.025145796807016344	0.025145796807016344	!(dNode == null)	_
com.google.javascript.jscomp.CompilerInput#boolean#isExtern#?#338	0.025141822757713452	0.025141822757713452	0.025141822757713452	!(ast == null || ast.getSourceFile() == null)	_
com.google.javascript.jscomp.ControlFlowAnalysis$AstControlFlowGraph#int#getPosition#?,DiGraphNode<Node,Branch>#1055	0.025137850591995053	0.025137850591995053	0.025137850591995053	priority>0	_
com.google.javascript.jscomp.NodeTraversal#Node#getEnclosingFunction#?#585	0.025683274846875707	0.025683274846875707	0.025054968050837727	!(scopeRoots.isEmpty())	_
com.google.javascript.jscomp.ControlFlowAnalysis#void#connectToPossibleExceptionHandler#?,Node,Node#831	0.024829877392851134	0.02504307984710117	0.025000439356251163	!(mayThrowException(target) && !exceptionHandler.isEmpty())	_
com.google.javascript.jscomp.TypeCheck#void#visitReturn#?,NodeTraversal,Node#1888	0.025031308716087945	0.025031308716087945	0.024948706612043667	!(valueNode == null)	_
com.google.javascript.rhino.Node$StringNode#?#StringNode#?,int,String,int,int#202	0.024891337579430815	0.024891337579430815	0.024891337579430815	!(null == str)	_
com.google.javascript.rhino.Node#void#addChildToFront#?,Node#600	0.02505093649979551	0.02505093649979551	0.024882924212277998	last == null	_
com.google.javascript.jscomp.ControlFlowAnalysis#void#process#?,Node,Node#165	0.024730968341474896	0.024883630089671975	0.02485309774003256	!(shouldTraverseFunctions)	_
com.google.javascript.jscomp.ControlFlowAnalysis#void#prioritizeFromEntryNode#?,DiGraphNode<Node,Branch>#203	0.024730968341474896	0.024730968341474896	0.024730968341474896	!(nodePriorities.containsKey(current))	_
com.google.javascript.jscomp.graph.Graph#void#connectIfNotFound#?,N,E,N#120	0.024727187714938786	0.024727187714938786	0.024727187714938786	!isConnected(n1,edge,n2)	_
com.google.javascript.jscomp.TypeInference#FlowScope#traverseReturn#?,Node,FlowScope#475	0.024723408821707437	0.024723408821707437	0.024723408821707437	fnType != null	_
com.google.javascript.jscomp.graph.LinkedDirectedGraph#List<DiGraphNode<N,E>>#getDirectedSuccNodes#?,DiGraphNode<N,E>#243	0.02471208252860862	0.02471208252860862	0.02471208252860862	!(dNode == null)	_
com.google.javascript.jscomp.DiagnosticType#int#hashCode#?#119	0.024289308377863014	0.02468195501661029	0.024603425688860838	key.hashCode()<=0	_
com.google.javascript.jscomp.Compiler#void#reconcileOptionsWithGuards#?#347	0.026411991653495014	0.026411991653495014	0.024576332634088916	!options.checkSymbols && !options.enables(DiagnosticGroups.CHECK_VARIABLES)	_
com.google.javascript.jscomp.parsing.IRFactory#int#position2charno#?,int#521	0.02401114375665471	0.024466776794595402	0.024375650187007263	position - lineIndex - 1==0	_
com.google.javascript.rhino.Node#Iterable<Node>#children#?#1240	0.024700771787671945	0.024700771787671945	0.02435923000808789	first == null	_
com.google.javascript.jscomp.Compiler#JSTypeRegistry#getTypeRegistry#?#1204	0.0181563271867181	0.025785531156469834	0.024259690362519487	!(typeRegistry == null)	_
com.google.javascript.jscomp.graph.LinkedDirectedGraph#boolean#isConnectedInDirection#?,N,Predicate<E>,N#208	0.023918243661746993	0.02403193562987373	0.024009197236248385	!(outEdge.getDestination() == dNode2 && edgeMatcher.apply(outEdge.getValue()))	_
com.google.javascript.rhino.jstype.TemplateTypeMap#boolean#hasTemplateType#?,TemplateType#142	0.11909826683508273	0.0	0.023819653367016542		_
com.google.javascript.jscomp.SyntacticScopeCreator#void#scanRoot#?,Node#94	0.023712266386235078	0.023712266386235078	0.023712266386235078	a != null	_
com.google.javascript.rhino.JSDocInfo#void#setFlag#?,boolean,int#456	0.02367568619051892	0.02367568619051892	0.02367568619051892	value	_
com.google.javascript.jscomp.graph.LinkedDirectedGraph#DiGraphNode<N,E>#createDirectedGraphNode#?,N#136	0.023041841651316942	0.023799407164151222	0.023647894061584365	!(node == null)	_
com.google.javascript.rhino.Node$SiblingNodeIterable#Iterator<Node>#iterator#?#1277	0.02364257795702247	0.02364257795702247	0.02364257795702247	!used	_
com.google.javascript.rhino.Node$SiblingNodeIterable#Node#next#?#1298	0.02364257795702247	0.02364257795702247	0.02364257795702247	!(current == null)	_
com.google.javascript.jscomp.ControlFlowAnalysis#void#handleReturn#?,Node#657	0.02370227315699886	0.02370227315699886	0.023591745871034284	node.hasChildren()	_
com.google.javascript.jscomp.DiagnosticGroupWarningsGuard#boolean#enables#?,DiagnosticGroup#47	0.02382303276028985	0.025173668017796205	0.023556365045104007	!(level.isOn())	_
com.google.javascript.jscomp.graph.Graph#T#getNodeOrFail#?,N#221	0.02327155180055824	0.02327155180055824	0.02327155180055824	!(node == null)	_
com.google.javascript.jscomp.parsing.IRFactory#Node#maybeInjectCastNode#?,AstNode,JSDocInfo,Node#378	0.023236970617008655	0.02327155180055824	0.02326463556384832	!(node.getType() == com.google.javascript.rhino.head.Token.LP && node instanceof ParenthesizedExpression && info.hasType())	_
com.google.javascript.jscomp.parsing.IRFactory#JSDocInfo#handleJsDoc#?,AstNode,Node#286	0.023174488732966077	0.023174488732966077	0.023172001532493658	info != null	_
com.google.javascript.jscomp.parsing.IRFactory#Node#transformTree#?,AstRoot,StaticSourceFile,String,Config,ErrorReporter#200	0.023109422187897254	0.023143436208321693	0.023136633404236807	!(comment.getCommentType() == CommentType.BLOCK_COMMENT)	_
com.google.javascript.jscomp.parsing.IRFactory#boolean#handlePossibleFileOverviewJsDoc#?,JsDocInfoParser#266	0.023137240669137377	0.023137240669137377	0.02313600255590215	!(jsDocParser.getFileOverviewJSDocInfo() != fileOverviewInfo)	_
com.google.javascript.jscomp.NodeUtil#boolean#isConstantByConvention#?,CodingConvention,Node,Node#2871	0.023583331531828913	0.023583331531828913	0.023119578472047802	parent.isGetProp() && node == parent.getLastChild()	_
com.google.javascript.rhino.Node#Node#getChildAtIndex#?,int#565	0.022730208119306573	0.022730208119306573	0.022730208119306573	i > 0	_
com.google.javascript.jscomp.Scope#Var#getVar#?,String#532	0.0230113185995666	0.0230113185995666	0.022662448980244415	parent != null	_
com.google.javascript.rhino.Node#int#extractCharno#?,int#1223	0.01752902910229235	0.02387389688358592	0.022604923327327206	lineCharNo & COLUMN_MASK<=0	_
com.google.javascript.rhino.jstype.JSType#JSType#getLeastSupertype#?,JSType#916	0.02269213649488229	0.02269213649488229	0.0225474569475433	!(that.isUnionType())	_
com.google.javascript.jscomp.parsing.JsDocInfoParser#boolean#parse#?#230	0.0224337081912659	0.022556072192989964	0.022531599392645152	!(token != JsDocToken.ANNOTATION && token != JsDocToken.EOC)	_
com.google.javascript.jscomp.parsing.JsDocTokenStream#int#getLineno#?#225	0.021923815567028087	0.02262814111007102	0.022487276001462435	lineno!=0	_
com.google.javascript.jscomp.GoogleCodingConvention#boolean#isConstantKey#?,String#91	0.022496063533292376	0.022496063533292376	0.022469545903465383	name.isEmpty() || !Character.isUpperCase(name.charAt(0))	_
com.google.javascript.jscomp.parsing.IRFactory$TransformDispatcher#Node#processFunctionNode#?,FunctionNode#824	0.02243653128423514	0.02243653128423514	0.022435966665641294	paramNode.isName()	_
com.google.javascript.rhino.Node#int#getCharno#?#1143	0.016536268671305282	0.023877299420036403	0.022409093270290177	extractCharno(sourcePosition)==0	_
com.google.javascript.rhino.Node#boolean#hasChild#?,Node#1415	0.022405535747411044	0.022405535747411044	0.02240553574741104	n != null	_
com.google.javascript.rhino.JSDocInfoBuilder#void#markAnnotation#?,String,int,int#160	0.021955497397959475	0.022442180669011626	0.022344844014801194	!(marker != null)	_
com.google.javascript.rhino.JSDocInfo#Marker#addMarker#?#712	0.022442180669011626	0.022442180669011626	0.022344844014801194	!lazyInitDocumentation()	_
com.google.javascript.rhino.JSDocInfoBuilder#void#recordOriginalCommentPosition#?,int#88	0.021908025996692497	0.0224337081912659	0.022328571752351218	!(parseDocumentation)	_
com.google.javascript.rhino.JSDocInfoBuilder#void#recordOriginalCommentString#?,String#79	0.021908025996692497	0.0224337081912659	0.022328571752351218	!(parseDocumentation)	_
com.google.javascript.rhino.JSDocInfo#boolean#lazyInitDocumentation#?#696	0.0224337081912659	0.0224337081912659	0.022328046096395954	!includeDocumentation	_
com.google.javascript.jscomp.parsing.JsDocTokenStream#int#getCharIgnoreLineEnd#?#433	0.02206747516020881	0.02206747516020881	0.02206747516020881	c>=0	_
com.google.javascript.jscomp.parsing.JsDocTokenStream#int#getCharno#?#228	0.021923815567028087	0.02207016221959901	0.022040892889084826	lineno == initLineno ? initCharno + charno : charno>0	_
com.google.javascript.rhino.JSDocInfoBuilder#void#populateDefaults#?,JSDocInfo#148	0.021966088569534453	0.021966088569534453	0.02195605415881674	info.getVisibility() == null	_
com.google.javascript.jscomp.parsing.IRFactory#Node#transform#?,AstNode#369	0.023236970617008655	0.023236970617008655	0.02193501245950175	jsDocInfo != null	_
com.google.javascript.jscomp.SyntacticScopeCreator#void#scanVars#?,Node#130	0.021934360933471	0.021934360933471	0.021934360933471	!(fnName.isEmpty())	_
com.google.javascript.jscomp.parsing.JsDocTokenStream#boolean#isAlpha#?,int#271	0.021921181601070722	0.021921181601070722	0.021920654997703234	c <= 'Z'	_
com.google.javascript.jscomp.parsing.JsDocInfoParser#?#JsDocInfoParser#?,JsDocTokenStream,Comment,Node,Config,ErrorReporter#142	0.021908025996692497	0.021908025996692497	0.02190487489581793	commentNode != null	_
com.google.javascript.jscomp.parsing.JsDocInfoParser#JsDocToken#next#?#2446	0.02189489404922193	0.02189489404922193	0.021894369337841477	!(unreadToken == NO_UNREAD_TOKEN)	_
com.google.javascript.rhino.Node#int#mergeLineCharNo#?,int,int#1195	0.02189227049231967	0.02189227049231967	0.02189227049231967	-1!=0	_
com.google.javascript.rhino.JSDocInfoBuilder#JSDocInfo#build#?,Node#134	0.021915916515945887	0.021915916515945887	0.021891386988917613	populated	_
com.google.javascript.jscomp.NodeTraversal#void#traverseBranch#?,Node,Node#523	0.023127956682672864	0.023127956682672864	0.021880088413585515	!callback.shouldTraverse(this,n,parent)	_
com.google.javascript.jscomp.parsing.JsDocTokenStream#void#addToString#?,int#242	0.021850421430410903	0.021850421430410903	0.021850421430410903	!(n == stringBuffer.length)	_
com.google.javascript.jscomp.parsing.JsDocTokenStream#boolean#isJSSpace#?,int#309	0.021839996610432788	0.021839996610432788	0.021839996610432788	c <= 127	_
com.google.javascript.jscomp.parsing.JsDocTokenStream#int#getOffset#?#446	0.021837392736013945	0.021839996610432788	0.02183947583554902	sourceCursor - lineStart - ungetCursor- 1==0	_
com.google.javascript.jscomp.NodeTraversal#void#traverseFunction#?,Node,Node#560	0.021813999700122946	0.021813999700122946	0.02117507158328466	isFunctionExpression	_
com.google.javascript.jscomp.parsing.IRFactory$TransformDispatcher#Node#processVariableInitializer#?,VariableInitializer#1255	0.02164978941622873	0.021744269101781406	0.021084598314682644	!(initializerNode.getInitializer() != null)	_
com.google.javascript.rhino.Node#void#setLineno#?,int#1167	0.01672600989208297	0.021966088569534453	0.020918072834044156	mergeLineCharNo(lineno,charno)==lineno	_
com.google.javascript.rhino.Node#void#setCharno#?,int#1171	0.016727179829474116	0.021934360933471	0.020892924712671623	mergeLineCharNo(getLineno(),charno)==charno	_
com.google.javascript.jscomp.parsing.IRFactory$TransformDispatcher#boolean#isAllowedProp#?,String#929	0.02099339861404064	0.02099339861404064	0.020804756548169198	!(config.languageMode == LanguageMode.ECMASCRIPT3)	_
com.google.javascript.jscomp.parsing.IRFactory#void#setSourceInfo#?,Node,AstNode#447	0.016727179829474116	0.021337051045664447	0.020415076802426383	position2charno(node.getAbsolutePosition())==lineno	_
com.google.javascript.jscomp.NodeTraversal#void#traverseRoots#?,List<Node>#299	0.020382711378539392	0.02037847864848056	0.02037847864848056	!(roots.isEmpty())	_
com.google.javascript.jscomp.parsing.IRFactory$TransformDispatcher#Node#processAssignment#?,Assignment#581	0.020315302475012738	0.020317398889287453	0.02031697960643251	!(!validAssignmentTarget(target))	_
com.google.javascript.jscomp.parsing.IRFactory$TransformDispatcher#Node#processPropertyGet#?,PropertyGet#1033	0.020225766036952725	0.02022783485156837	0.020227421088645243	!(nodeProp instanceof Name && !isAllowedProp(((Name)nodeProp).getIdentifier()))	_
com.google.javascript.jscomp.SyntacticScopeCreator#Scope#createScope#?,Node,Scope#58	0.020401791355925028	0.020401791355925028	0.02013009335037661	!(parent == null)	_
com.google.javascript.jscomp.parsing.IRFactory#Node#transformNameAsString#?,Name#412	0.02005018828468342	0.02007441324915887	0.02006956825626378	!(jsDocInfo != null)	_
com.google.javascript.jscomp.parsing.IRFactory$TransformDispatcher#Node#transformAsString#?,AstNode#550	0.02005018828468342	0.02005018828468342	0.02003895116747688	n instanceof Name	_
com.google.javascript.jscomp.NodeTraversal#Node#getScopeRoot#?#661	0.01997604311378105	0.01997604311378105	0.019597228601091726	scopeRoots.isEmpty()	_
com.google.javascript.rhino.Node#int#getChildCount#?#1410	0.016952805508227798	0.020078459286335736	0.01944628585062134	c==0	_
com.google.javascript.jscomp.parsing.IRFactory$TransformDispatcher#Node#processName#?,Name,boolean#915	0.02005018828468342	0.02005018828468342	0.019400664691296483	asString	_
com.google.javascript.jscomp.SyntacticScopeCreator#void#declareVar#?,Node#195	0.019341961772855316	0.019341961772855316	0.019341961772855316	!(scope.isDeclared(name,false) || (scope.isLocal() && name.equals(ARGUMENTS)))	_
com.google.javascript.jscomp.NodeTraversal#int#getScopeDepth#?#676	0.019239665363562572	0.019239665363562572	0.019239665363562572	scopes.size() + scopeRoots.size()!=0	_
com.google.javascript.jscomp.NodeTraversal#Scope#getScope#?#634	0.019323896987207784	0.019323896987207784	0.019236065462768716	scopeRoots.isEmpty()	_
com.google.javascript.jscomp.NodeTraversal#void#popScope#?#617	0.01957400731715678	0.01957400731715678	0.01903692892117265	scopeCallback != null	_
com.google.javascript.jscomp.NodeTraversal#void#pushScope#?,Node#599	0.01957400731715678	0.01957400731715678	0.01903692892117265	scopeCallback != null	_
com.google.javascript.jscomp.NodeTraversal#?#NodeTraversal#?,AbstractCompiler,Callback,ScopeCreator#241	0.01957400731715678	0.01957400731715678	0.01903668809388865	cb instanceof ScopedCallback	_
com.google.javascript.rhino.jstype.TemplateTypeMap#boolean#checkEquivalenceHelper#?,TemplateTypeMap,EquivalenceMethod#216	0.01891511969643836	0.018964375692479375	0.01895452449327117	!(thisKey == thatKey)	_
com.google.javascript.rhino.jstype.ObjectType#boolean#isImplicitPrototype#?,ObjectType#536	0.018935454896394255	0.018935454896394255	0.01888390934831891	current.isEquivalentTo(prototype)	_
com.google.javascript.rhino.jstype.JSTypeRegistry#void#registerPropertyOnType#?,String,JSType#632	0.01826960238104674	0.01880443536111504	0.01869472775331442	!(typeSet == null)	_
com.google.javascript.jscomp.PrepareAst$PrepareAnnotations#void#annotateDispatchers#?,Node,Node#186	0.01861935911593152	0.01862097306809647	0.018620650277663478	!(parent.getJSDocInfo() != null && parent.getJSDocInfo().isJavaDispatch())	_
com.google.javascript.rhino.jstype.InstanceObjectType#boolean#defineProperty#?,String,JSType,boolean,Node#89	0.01859198597837567	0.01859198597837567	0.01859198597837567	!(proto != null && proto.hasOwnDeclaredProperty(name))	_
com.google.javascript.jscomp.parsing.IRFactory#Node#transformNodeWithInlineJsDoc#?,AstNode#399	0.018550353712241646	0.018551949784837606	0.018551630570318414	!(comment != null)	_
com.google.javascript.rhino.jstype.PropertyMap#void#putProperty#?,String,Property#194	0.018496331154174848	0.018496331154174848	0.018496331154174848	!(oldProp != null)	_
com.google.javascript.rhino.jstype.PrototypeObjectType#boolean#defineProperty#?,String,JSType,boolean,Node#137	0.018496331154174848	0.018496331154174848	0.018496331154174848	!(hasOwnDeclaredProperty(name))	_
com.google.javascript.rhino.jstype.FunctionParamBuilder#boolean#addVarArgs#?,JSType#104	0.01849158708591723	0.01849158708591723	0.01849158708591723	!type.isEmptyType()	_
com.google.javascript.rhino.jstype.FunctionParamBuilder#boolean#addOptionalParams#?,JSType#80	0.018478954061668346	0.018478954061668346	0.018478954061668346	!(hasVarArgs())	_
com.google.javascript.jscomp.parsing.IRFactory$TransformDispatcher#Node#processStringLiteral#?,StringLiteral#1082	0.018467921378827943	0.01847422334842916	0.018472962954508915	!(value.indexOf('\u000B') != -1)	_
com.google.javascript.rhino.jstype.FunctionBuilder#FunctionBuilder#withParams#?,FunctionParamBuilder#84	0.0922531208028885	0.0	0.018450624160577696		_
com.google.javascript.jscomp.parsing.TypeSafeDispatcher#T#process#?,AstNode#173	0.04485613040162566	0.01848842640098073	0.01844740879125745	node instanceof Block	_
com.google.javascript.jscomp.parsing.IRFactory$TransformDispatcher#Node#processVariableDeclaration#?,VariableDeclaration#1232	0.01844591516628758	0.018447484430416182	0.018447170577590464	!(!config.acceptConstKeyword && declarationNode.getType() == com.google.javascript.rhino.head.Token.CONST)	_
com.google.javascript.rhino.jstype.InstanceObjectType#int#hashCode#?#163	0.018058368686073287	0.018523283350327338	0.01843030041747653	getReferenceName().hashCode()>=0	_
com.google.javascript.rhino.jstype.FunctionType#?#FunctionType#?,JSTypeRegistry,String,Node,ArrowType,JSType,TemplateTypeMap,boolean,boolean#147	0.018449054095122742	0.018449054095122742	0.01837268498620354	isConstructor	_
com.google.javascript.rhino.jstype.FunctionParamBuilder#boolean#addRequiredParams#?,JSType#63	0.018366409900949288	0.018366409900949288	0.018366409900949288	!(hasOptionalOrVarArgs())	_
com.google.javascript.rhino.jstype.FunctionType#FunctionType#getSuperClassConstructor#?#851	0.018371058252118568	0.018371058252118568	0.01830734313101083	maybeSuperInstanceType == null	_
com.google.javascript.rhino.Node#?#Node#?,int,Node,Node#395	0.018258940225262022	0.018258940225262022	0.018258940225262022	-1<nodeType	_
com.google.javascript.rhino.InputId#int#hashCode#?#61	0.016946718543287685	0.018515344006020947	0.018201618913474295	id.hashCode()>0	_
com.google.javascript.rhino.jstype.PrototypeObjectType#?#PrototypeObjectType#?,JSTypeRegistry,String,ObjectType,boolean,TemplateTypeMap#121	0.01824525912922067	0.01824525912922067	0.018175061484009995	!(nativeType || implicitPrototype != null)	_
com.google.javascript.rhino.Node#?#Node#?,int,Node#375	0.018070158058105027	0.018070158058105027	0.018070158058105027	-1!=nodeType	_
com.google.javascript.rhino.jstype.FunctionType#boolean#setPrototypeNoCheck#?,ObjectType,Node#473	0.018056896636453067	0.01806131386568776	0.018059841815920803	!(isInterface())	_
com.google.javascript.rhino.jstype.FunctionType#ObjectType#getPrototype#?#370	0.018058368686073287	0.018058368686073287	0.018058368686073287	!(refName == null)	_
com.google.javascript.rhino.jstype.FunctionType#void#addSubType#?,FunctionType#1134	0.018056896636453067	0.018056896636453067	0.018056896636453067	!(subTypes == null)	_
com.google.javascript.rhino.jstype.FunctionType#boolean#setPrototype#?,ObjectType,Node#441	0.018053953616852973	0.018053953616852973	0.018053953616852973	!(prototype == null)	_
com.google.javascript.jscomp.Compiler#void#initBasedOnOptions#?#433	0.017931631503020816	0.01800560061282135	0.017990806790861243	!(options.sourceMapOutputPath != null)	_
com.google.javascript.jscomp.Compiler#void#initInputsByIdMap#?#538	0.017969227094577368	0.017969227094577368	0.017969227094577368	!(previous != null)	_
com.google.javascript.rhino.jstype.PrototypeObjectType#boolean#implicitPrototypeChainIsUnknown#?#368	0.017967776735230836	0.017967776735230836	0.017967776735230836	!(p.isUnknownType())	_
com.google.javascript.jscomp.parsing.IRFactory$TransformDispatcher#boolean#isDirective#?,Node#627	0.018274177597708736	0.018274177597708736	0.01796477804406181	n == null	_
com.google.javascript.jscomp.Compiler#void#initModules#?,List<T>,List<JSModule>,CompilerOptions#408	0.01794461864378315	0.01794461864378315	0.017942021215630686	!(modules.size() > 1)	_
com.google.javascript.jscomp.Compiler#void#fillEmptyModules#?,List<JSModule>#484	0.017931631503020816	0.017934515097395496	0.017933938378520562	!(module.getInputs().isEmpty())	_
com.google.javascript.jscomp.Compiler#void#checkFirstModule#?,List<JSModule>#463	0.017931631503020816	0.017931631503020816	0.017931631503020816	!(modules.get(0).getInputs().isEmpty() && modules.size() > 1)	_
com.google.javascript.rhino.Node$IntPropListItem#int#getIntValue#?#339	0.01790574159082168	0.01790574159082168	0.01790574159082168	intValue>0	_
com.google.javascript.rhino.Node#int#getIntProp#?,int#832	0.01790574159082168	0.01790574159082168	0.01790574159082168	item.getIntValue()>0	_
com.google.javascript.rhino.jstype.PropertyMap#void#setParentSource#?,ObjectType#92	0.017894270903167298	0.017894270903167298	0.017894270903167298	this != EMPTY_MAP	_
com.google.javascript.rhino.jstype.JSType#int#hashCode#?#657	0.017797651932695783	0.017797651932695783	0.017797651932695783	System.identityHashCode(this)>0	_
com.google.javascript.jscomp.parsing.IRFactory$TransformDispatcher#boolean#isReservedKeyword#?,String#936	0.0180129018582505	0.0180129018582505	0.017772497114683587	!(config.languageMode == LanguageMode.ECMASCRIPT3)	_
com.google.javascript.rhino.jstype.JSType#boolean#hasAnyTemplateTypes#?#437	0.017769531118903073	0.017769531118903073	0.017769531118903073	!this.inTemplatedCheckVisit	_
com.google.javascript.jscomp.Compiler#Config#getParserConfig#?#2090	0.01795184592614303	0.017878534642384033	0.017684894500746808	!(parserConfig == null)	_
com.google.javascript.jscomp.NodeUtil#InputId#getInputId#?,Node#2932	0.017523645493718727	0.017523645493718727	0.017523645493718727	n != null && !n.isScript()	_
com.google.javascript.jscomp.Compiler#int#getErrorCount#?#2178	0.017323973216880926	0.017343503462326215	0.017339597413237158	errorManager.getErrorCount()==0	_
com.google.javascript.jscomp.ComposeWarningsGuard$GuardComparator#int#compare#?,WarningsGuard,WarningsGuard#69	0.017270925338361328	0.01728640108101688	0.017275348448791392	orderOfAddition.get(b).intValue() - orderOfAddition.get(a).intValue()!=0	_
com.google.javascript.jscomp.WarningsGuard#int#getPriority#?#83	0.017268350086674995	0.017268350086674995	0.017268350086674995	Priority.DEFAULT.value>0	_
com.google.javascript.jscomp.ComposeWarningsGuard#void#addGuard#?,WarningsGuard#89	0.01723369655646452	0.017234976302247032	0.017234720353090528	!(composeGuard.demoteErrors)	_
com.google.javascript.jscomp.SuppressDocWarningsGuard#int#getPriority#?#107	0.01723369655646452	0.01723369655646452	0.01723369655646452	WarningsGuard.Priority.SUPPRESS_DOC.value>0	_
com.google.javascript.jscomp.parsing.IRFactory$TransformDispatcher#Node#processReturnStatement#?,ReturnStatement#1067	0.017308396435775062	0.017308396435775062	0.01723120436573211	statementNode.getReturnValue() != null	_
com.google.javascript.jscomp.parsing.IRFactory#void#maybeSetLengthFrom#?,Node,AstNode#510	0.016727179829474116	0.01704490429270497	0.0169813594000588	!(config.isIdeMode)	_
com.google.javascript.jscomp.CompilerInput#Node#getAstRoot#?,AbstractCompiler#119	0.01695889903687727	0.01695889903687727	0.01695889903687727	root != null	_
com.google.javascript.jscomp.CompilerInput#?#CompilerInput#?,SourceAst,InputId,boolean#79	0.016952805508227798	0.016952805508227798	0.01695256192468629	ast != null && ast.getSourceFile() != null	_
com.google.javascript.jscomp.PrepareAst#void#process#?,Node,Node#63	0.01692485963531647	0.01692485963531647	0.01692485963531647	!(externs != null)	_
com.google.javascript.jscomp.PrepareAst$PrepareAnnotations#boolean#shouldTraverse#?,NodeTraversal,Node,Node#125	0.01692485963531647	0.01692485963531647	0.01692485963531647	!(n.isObjectLit())	_
com.google.javascript.jscomp.JsAst#void#parse#?,AbstractCompiler#96	0.01692485963531647	0.01692485963531647	0.016921954495092758	!(root == null || (compiler.getErrorManager().getErrorCount() > startErrorCount && !compiler.isIdeMode()))	_
com.google.javascript.jscomp.JsAst#Node#getAstRoot#?,AbstractCompiler#49	0.016910333934197906	0.016910333934197906	0.016910333934197906	root == null	_
com.google.javascript.jscomp.Compiler#ErrorManager#getErrorManager#?#2312	0.01690429258716712	0.01690429258716712	0.01690429258716712	!(options == null)	_
com.google.javascript.jscomp.Compiler#void#setScope#?,Node#2008	0.016888615337236124	0.016888615337236124	0.016888615337236124	!(phaseOptimizer != null)	_
com.google.javascript.jscomp.BasicErrorManager#int#getErrorCount#?#75	0.016874182676570676	0.01687778737259426	0.016877066433389543	errorCount==0	_
com.google.javascript.jscomp.SourceFile#?#SourceFile#?,String#82	0.016833490212841196	0.016833490212841196	0.016833490212841196	!(fileName == null || fileName.isEmpty())	_
com.google.javascript.rhino.Node#PropListItem#lookupProperty#?,int#763	0.016788356946826864	0.016788356946826864	0.016788356946826864	x != null && propType != x.getType()	_
com.google.javascript.rhino.Node#PropListItem#removeProp#?,PropListItem,int#803	0.016923647730289294	0.016923647730289294	0.016786125011854655	result != item.getNext()	_
com.google.javascript.jscomp.parsing.ParserRunner#ParseResult#parse#?,StaticSourceFile,String,Config,ErrorReporter,Logger#141	0.016790723337274424	0.016790723337274424	0.016785528257679403	astRoot != null	_
com.google.javascript.rhino.Node#void#removeProp#?,int#785	0.016906708348892515	0.016906708348892515	0.0167513829461001	result != propListHead	_
com.google.javascript.jscomp.parsing.ParserRunner#void#initResourceConfig#?#79	0.016740065365060848	0.016740065365060848	0.016732351846843144	annotationNames != null	_
com.google.javascript.jscomp.parsing.ParserRunner#Config#createConfig#?,boolean,LanguageMode,boolean,Set<String>#63	0.0167388927220441	0.0167388927220441	0.016731413732429746	extraAnnotationNames == null	_
com.google.javascript.jscomp.parsing.IRFactory#void#setFileOverviewJsDoc#?,Node#221	0.016727179829474116	0.016730691115206277	0.016729988858059847	!(fileOverviewInfo != null)	_
com.google.javascript.jscomp.parsing.IRFactory$TransformDispatcher#void#parseDirectives#?,Node#621	0.016727179829474116	0.016727179829474116	0.016727179829474116	!(directives != null)	_
com.google.javascript.rhino.Node#int#extractLineno#?,int#1209	0.016696841006065288	0.016698004832854146	0.016696841006065288	-1<=0	_
com.google.javascript.rhino.Node#int#getLineno#?#1139	0.016519337911596887	0.016700333216722794	0.01666413415569761	extractLineno(sourcePosition)>0	_
com.google.javascript.rhino.Node#void#addChildToBack#?,Node#610	0.016675933649126753	0.016675933649126753	0.01663541182259067	!(last == null)	_
com.google.javascript.rhino.Node#Object#getProp#?,int#813	0.016671298226202138	0.016671298226202138	0.01658146700357696	item == null	_
com.google.javascript.rhino.Node$StringNode#?#StringNode#?,int,String#194	0.016541923836708217	0.016541923836708217	0.016541923836708217	!(null == str)	_
com.google.javascript.rhino.Node#int#getType#?#526	0.016356122383769687	0.016356122383769687	0.016356122383769687	type>=0	_
com.google.javascript.rhino.Node#void#putProp#?,int,Object#845	0.016247816846282067	0.016247816846282067	0.016239272094786476	value != null	_
com.google.javascript.jscomp.parsing.Config#Map<String,Annotation>#buildAnnotationNames#?,Set<String>#95	0.016223209464599802	0.016223209464599802	0.016223209464599802	!(!Annotation.recognizedAnnotations.containsKey(unrecognizedAnnotation))	_
com.google.javascript.rhino.Node$AbstractPropListItem#int#getType#?#281	0.016146894453589897	0.016146894453589897	0.016146894453589897	propType>0	_
com.google.javascript.rhino.Node#?#Node#?,int#361	0.016002560614563885	0.016002560614563885	0.016002560614563885	-1<nodeType	_
com.google.javascript.rhino.jstype.NoObjectType#String#getReferenceName#?#100	0.07715167498104596	0.0	0.015430334996209188		_
com.google.javascript.rhino.jstype.ProxyObjectType#boolean#isNominalType#?#169	0.07179581586177382	0.0	0.01435916317235476		_
com.google.javascript.rhino.jstype.ProxyObjectType#boolean#isSubtype#?,JSType#235	0.06350006350009525	0.0	0.012700012700019048		_
com.google.javascript.rhino.jstype.UnionType#T#visit#?,Visitor<T>#549	0.06131393394849658	0.0	0.012262786789699314		_
com.google.javascript.rhino.jstype.NoType#boolean#isSubtype#?,JSType#85	0.06108472217815261	0.0	0.01221694443563052		_
com.google.javascript.jscomp.TypeValidator#void#mismatch#?,NodeTraversal,Node,String,JSType,JSType#656	0.05337605126836238	0.0	0.010675210253672475		_
com.google.javascript.jscomp.TypeValidator#String#formatFoundRequired#?,String,JSType,JSType#710	0.05337605126836238	0.0	0.010675210253672475		_
com.google.javascript.jscomp.TypeValidator#void#mismatch#?,String,Node,String,JSType,JSType#666	0.05337605126836238	0.0	0.010675210253672475		_
com.google.javascript.rhino.jstype.FunctionBuilder#FunctionBuilder#setIsConstructor#?,boolean#137	0.05184758473652126	0.0	0.01036951694730425		_
com.google.javascript.rhino.jstype.PrototypeObjectType#Iterable<ObjectType>#getCtorImplementedInterfaces#?#400	0.051031036307982884	0.0	0.010206207261596574		_
com.google.javascript.rhino.jstype.JSType#boolean#isCheckedUnknownType#?#261	0.050964719143762556	0.0	0.010192943828752509		_
com.google.javascript.jscomp.NodeTraversal#String#getSourceName#?#432	0.04695819060429295	0.0	0.009391638120858588		_
com.google.javascript.rhino.jstype.FunctionType#boolean#canBeCalled#?#262	0.04657464328326223	0.0	0.009314928656652444		_
com.google.javascript.jscomp.parsing.IRFactory$TransformDispatcher#Node#processNewExpression#?,NewExpression#950	0.04485613040162566	0.0	0.008971226080325129		_
com.google.javascript.jscomp.CodingConventions$Proxy#DelegateRelationship#getDelegateRelationship#?,Node#169	0.04299335803923478	0.0	0.008598671607846954		_
com.google.javascript.jscomp.CodingConventions$Proxy#void#checkForCallingConventionDefiningCalls#?,Node,Map<String,String>#190	0.04299335803923478	0.0	0.008598671607846954		_
com.google.javascript.jscomp.TypedScopeCreator$AbstractScopeBuilder#void#checkForCallingConventionDefiningCalls#?,Node,Map<String,String>#1404	0.042973504259354006	0.0	0.0085947008518708		_
com.google.javascript.jscomp.CodingConventions$DefaultCodingConvention#DelegateRelationship#getDelegateRelationship#?,Node#363	0.042973504259354006	0.0	0.0085947008518708		_
com.google.javascript.jscomp.CodingConventions$Proxy#ObjectLiteralCast#getObjectLiteralCast#?,Node#235	0.042973504259354006	0.0	0.0085947008518708		_
com.google.javascript.jscomp.CodingConventions$DefaultCodingConvention#ObjectLiteralCast#getObjectLiteralCast#?,Node#410	0.04295367795875577	0.0	0.008590735591751152		_
com.google.javascript.jscomp.TypedScopeCreator$CollectProperties#?#CollectProperties#?,JSType#1805	0.041666666666666664	0.0	0.008333333333333331		_
com.google.javascript.rhino.jstype.NoObjectType#ObjectType#getImplicitPrototype#?#95	0.039103094350288754	0.0	0.00782061887005775		_
com.google.javascript.jscomp.CodingConventions$Proxy#Bind#describeFunctionBind#?,Node,boolean#220	0.0379458141198112	0.0	0.007589162823962238		_
com.google.javascript.jscomp.CodingConventions$DefaultCodingConvention#String#getSingletonGetterClassName#?,Node#346	0.03775601607455176	0.0	0.007551203214910349		_
com.google.javascript.jscomp.CodingConventions$Proxy#String#getSingletonGetterClassName#?,Node#152	0.03770230905437056	0.0	0.00754046181087411		_
com.google.javascript.jscomp.NodeUtil#Node#getRValueOfLValue#?,Node#3148	0.03728074657679405	0.0	0.007456149315358807		_
com.google.javascript.jscomp.CodingConventions$Proxy#SubclassRelationship#getClassesDefinedByCall#?,Node#105	0.036429932929822974	0.0	0.007285986585964593		_
com.google.javascript.jscomp.CodingConventions$DefaultCodingConvention#SubclassRelationship#getClassesDefinedByCall#?,Node#298	0.036285750571483	0.0	0.007257150114296598		_
com.google.javascript.jscomp.JSError#JSError#make#?,String,Node,DiagnosticType,String#115	0.036155076303109365	0.0	0.007231015260621872		_
com.google.javascript.jscomp.JSError#?#JSError#?,String,Node,DiagnosticType,String#171	0.036060922298730945	0.0	0.007212184459746187		_
com.google.javascript.jscomp.TypeCheck#?#TypeCheck#?,AbstractCompiler,ReverseAbstractInterpreter,JSTypeRegistry,CheckLevel#356	0.03509312031717982	0.0	0.007018624063435963		_
com.google.javascript.jscomp.BasicErrorManager$ErrorWithLevel#?#ErrorWithLevel#?,JSError,CheckLevel#187	0.03472096642294073	0.0	0.006944193284588144		_
com.google.javascript.jscomp.JSError#CheckLevel#getDefaultLevel#?#242	0.03394221166510653	0.0	0.0067884423330213045		_
com.google.javascript.rhino.jstype.PrototypeObjectType#boolean#isPrettyPrint#?#276	0.03275608910402092	0.0	0.006551217820804182		_
com.google.javascript.jscomp.DiagnosticGroupWarningsGuard#CheckLevel#level#?,JSError#37	0.03179815003744467	0.0	0.006359630007488933		_
com.google.javascript.jscomp.JSError#DiagnosticType#getType#?#179	0.03179815003744467	0.0	0.006359630007488933		_
com.google.javascript.jscomp.DiagnosticGroup#boolean#matches#?,JSError#103	0.03179815003744467	0.0	0.006359630007488933		_
com.google.javascript.rhino.jstype.FunctionParamBuilder#Node#newParameterFromNode#?,Node#117	0.03161487387093396	0.0	0.0063229747741867905		_
com.google.javascript.rhino.jstype.FunctionType#boolean#isReturnTypeInferred#?#328	0.031450273186121945	0.0	0.006290054637224388		_
com.google.javascript.rhino.jstype.ModificationVisitor#JSType#coerseToThisType#?,JSType#141	0.03141921118033474	0.0	0.006283842236066947		_
com.google.javascript.rhino.jstype.ModificationVisitor#JSType#caseUnknownType#?#176	0.03141146004880435	0.0	0.006282292009760869		_
com.google.javascript.rhino.jstype.ModificationVisitor#JSType#caseNumberType#?#186	0.03131889169414341	0.0	0.006263778338828681		_
com.google.javascript.rhino.jstype.UnknownType#T#visit#?,Visitor<T>#108	0.03131121455425748	0.0	0.006262242910851494		_
com.google.javascript.rhino.jstype.ModificationVisitor#boolean#isNativeFunctionType#?,FunctionType#232	0.03125763218963633	0.0	0.006251526437927264		_
com.google.javascript.rhino.jstype.FunctionType#T#visit#?,Visitor<T>#1066	0.031189143077590267	0.0	0.006237828615518052		_
com.google.javascript.rhino.jstype.NumberType#T#visit#?,Visitor<T>#112	0.031128640318234518	0.0	0.006225728063646902		_
com.google.javascript.rhino.jstype.ModificationVisitor#JSType#getNativeType#?,JSTypeNative#228	0.031008683647302117	0.0	0.006201736729460422		_
com.google.javascript.rhino.jstype.NumberType#JSType#autoboxesTo#?#117	0.030845984923781787	0.0	0.006169196984756356		_
com.google.javascript.rhino.JSDocInfo#JSTypeExpression#getThisType#?#1177	0.030794751789719334	0.0	0.006158950357943865		_
com.google.javascript.rhino.jstype.Property#String#getName#?#89	0.03065696697424829	0.0	0.006131393394849657		_
com.google.javascript.rhino.jstype.FunctionType#boolean#hasEqualCallType#?,FunctionType#931	0.03065696697424829	0.0	0.006131393394849657		_
com.google.javascript.rhino.jstype.TemplateType#boolean#hasAnyTemplateTypesInternal#?#75	0.030570892025787156	0.0	0.00611417840515743		_
com.google.javascript.rhino.jstype.JSType#boolean#isInvariant#?,JSType#551	0.030499714066520935	0.0	0.006099942813304186		_
com.google.javascript.rhino.jstype.TemplateType#T#visit#?,Visitor<T>#80	0.030485538042484616	0.0	0.006097107608496922		_
com.google.javascript.rhino.jstype.TemplateType#TemplateType#toMaybeTemplateType#?#70	0.03045018428126662	0.0	0.006090036856253323		_
com.google.javascript.rhino.jstype.RecordTypeBuilder#?#RecordTypeBuilder#?,JSTypeRegistry#59	0.03044312827739915	0.0	0.006088625655479829		_
com.google.javascript.rhino.jstype.FunctionType#boolean#isInstanceType#?#189	0.03044312827739915	0.0	0.006088625655479829		_
com.google.javascript.rhino.jstype.RecordTypeBuilder$RecordProperty#?#RecordProperty#?,JSType,Node#105	0.030436077176371767	0.0	0.006087215435274352		_
com.google.javascript.rhino.jstype.RecordTypeBuilder$RecordProperty#JSType#getType#?#109	0.030436077176371767	0.0	0.006087215435274352		_
com.google.javascript.rhino.jstype.RecordTypeBuilder$RecordProperty#Node#getPropertyNode#?#113	0.030436077176371767	0.0	0.006087215435274352		_
com.google.javascript.rhino.jstype.JSTypeRegistry#TemplateType#createTemplateType#?,String#1479	0.030421989660145487	0.0	0.006084397932029096		_
com.google.javascript.rhino.jstype.Property#Node#getNode#?#94	0.030421989660145487	0.0	0.006084397932029096		_
com.google.javascript.jscomp.parsing.JsDocInfoParser#Node#parseFieldName#?,JsDocToken#2336	0.030414953233623677	0.0	0.0060829906467247345		_
com.google.javascript.rhino.jstype.RecordType#RecordType#toMaybeRecordType#?#207	0.03037283696153935	0.0	0.006074567392307868		_
com.google.javascript.rhino.jstype.FunctionType#Node#getSource#?#1111	0.030330895164368973	0.0	0.006066179032873794		_
com.google.javascript.rhino.jstype.RecordType#ObjectType#getImplicitPrototype#?#131	0.030309989318003893	0.0	0.006061997863600777		_
com.google.javascript.rhino.Node#Iterable<Node>#siblings#?#1257	0.030303030303030304	0.0	0.00606060606060606		_
com.google.javascript.rhino.jstype.JSTypeRegistry#void#setTemplateTypeNames#?,List<TemplateType>#1834	0.030303030303030304	0.0	0.00606060606060606		_
com.google.javascript.jscomp.Scope#void#undeclare#?,Var#510	0.030296076079117034	0.0	0.006059215215823406		_
com.google.javascript.rhino.jstype.TemplatizedType#boolean#hasAnyTemplateTypesInternal#?#169	0.030296076079117034	0.0	0.006059215215823406		_
com.google.javascript.rhino.jstype.TemplateType#String#getReferenceName#?#60	0.030289126640769135	0.0	0.0060578253281538255		_
com.google.javascript.rhino.jstype.JSTypeRegistry#TemplatizedType#createTemplatizedType#?,ObjectType,ImmutableList<JSType>#1511	0.03020610466650885	0.0	0.006041220933301768		_
com.google.javascript.rhino.jstype.TemplatizedType#?#TemplatizedType#?,JSTypeRegistry,ObjectType,ImmutableList<JSType>#60	0.03020610466650885	0.0	0.006041220933301768		_
com.google.javascript.rhino.jstype.TemplatizedType#TemplateTypeMap#getTemplateTypeMap#?#164	0.03020610466650885	0.0	0.006041220933301768		_
com.google.javascript.rhino.jstype.TemplateTypeMap#?#TemplateTypeMap#?,JSTypeRegistry,ImmutableList<TemplateType>,ImmutableList<JSType>#87	0.030199216944456812	0.0	0.006039843388891361		_
com.google.javascript.rhino.jstype.TemplateTypeMap#ImmutableList<TemplateType>#getUnfilledTemplateKeys#?#134	0.03013743873394561	0.0	0.006027487746789121		_
com.google.javascript.rhino.jstype.UnknownType#FunctionType#getConstructor#?#134	0.030082841879809342	0.0	0.0060165683759618675		_
com.google.javascript.rhino.JSDocInfo#boolean#isOverride#?#555	0.03005565448891441	0.0	0.006011130897782881		_
com.google.javascript.rhino.jstype.ProxyObjectType#JSType#resolveInternal#?,ErrorReporter,StaticScope<JSType>#328	0.03005565448891441	0.0	0.006011130897782881		_
com.google.javascript.rhino.JSDocInfo#void#setThisType#?,JSTypeExpression#1184	0.030042088406305484	0.0	0.0060084176812610956		_
com.google.javascript.rhino.jstype.ProxyObjectType#boolean#isNoResolvedType#?#139	0.030008253404685516	0.0	0.006001650680937102		_
com.google.javascript.jscomp.parsing.JsDocInfoParser#Node#newStringNode#?,String#2355	0.029900744762075358	0.0	0.00598014895241507		_
com.google.javascript.rhino.jstype.ArrowType#boolean#hasAnyTemplateTypesInternal#?#305	0.029887387269891215	0.0	0.005977477453978241		_
com.google.javascript.rhino.jstype.FunctionType#boolean#hasAnyTemplateTypesInternal#?#1279	0.02986072590216737	0.0	0.005972145180433473		_
com.google.javascript.rhino.jstype.JSType#boolean#isConstructor#?#480	0.029854071701326607	0.0	0.00597081434026532		_
com.google.javascript.rhino.jstype.ProxyObjectType#RecordType#toMaybeRecordType#?#210	0.02983413575806741	0.0	0.0059668271516134805		_
com.google.javascript.rhino.jstype.InstanceObjectType#boolean#isInstanceType#?#112	0.02980099775410749	0.0	0.005960199550821497		_
com.google.javascript.rhino.jstype.ProxyObjectType#JSType#getReferencedTypeInternal#?#79	0.02971535306042179	0.0	0.005943070612084356		_
com.google.javascript.rhino.JSDocInfo#boolean#isImplicitCast#?#619	0.02968914904028081	0.0	0.0059378298080561605		_
com.google.javascript.jscomp.parsing.JsDocInfoParser#boolean#match#?,JsDocToken,JsDocToken#2438	0.02966301422091962	0.0	0.005932602844183923		_
com.google.javascript.rhino.jstype.ProxyObjectType#TemplateType#toMaybeTemplateType#?#364	0.029656491293029667	0.0	0.005931298258605932		_
com.google.javascript.rhino.jstype.ProxyObjectType#TemplateTypeMap#getTemplateTypeMap#?#374	0.029617443887954616	0.0	0.0059234887775909215		_
com.google.javascript.rhino.jstype.JSType#boolean#isInterface#?#528	0.029617443887954616	0.0	0.0059234887775909215		_
com.google.javascript.rhino.jstype.ProxyObjectType#boolean#isNoType#?#129	0.029507641624432812	0.0	0.005901528324886561		_
com.google.javascript.jscomp.parsing.IRFactory$TransformDispatcher#Node#processFunctionCall#?,FunctionCall#757	0.029494803841956824	0.0	0.0058989607683913635		_
com.google.javascript.jscomp.GoogleCodingConvention#boolean#isVarArgsParameter#?,Node#130	0.029469178464536953	0.0	0.0058938356929073895		_
com.google.javascript.jscomp.GoogleCodingConvention#boolean#isOptionalParameter#?,Node#125	0.029469178464536953	0.0	0.0058938356929073895		_
com.google.javascript.rhino.jstype.ProxyObjectType#boolean#isAllType#?#189	0.029456390796994282	0.0	0.005891278159398855		_
com.google.javascript.rhino.jstype.ProxyObjectType#FunctionType#toMaybeFunctionType#?#220	0.029430865323572124	0.0	0.005886173064714424		_
com.google.javascript.rhino.jstype.Property#void#setJSDocInfo#?,JSDocInfo#135	0.029411764705882353	0.0	0.005882352941176469		_
com.google.javascript.rhino.jstype.ProxyObjectType#UnionType#toMaybeUnionType#?#215	0.029399051601892736	0.0	0.005879810320378546		_
com.google.javascript.jscomp.parsing.JsDocTokenStream#String#getRemainingJSDocLine#?#220	0.029392701228862207	0.0	0.00587854024577244		_
com.google.javascript.rhino.jstype.ProxyObjectType#boolean#isUnknownType#?#144	0.02934204595428665	0.0	0.005868409190857329		_
com.google.javascript.jscomp.parsing.JsDocTokenStream#void#update#?#326	0.029266551714380962	0.0	0.0058533103428761914		_
com.google.javascript.jscomp.FunctionTypeBuilder#boolean#isFunctionTypeDeclaration#?,JSDocInfo#802	0.029260286799032642	0.0	0.005852057359806527		_
com.google.javascript.rhino.jstype.FunctionType#boolean#isOrdinaryFunction#?#204	0.02925402590524127	0.0	0.0058508051810482525		_
com.google.javascript.jscomp.TypeValidator$TypeMismatch#?#TypeMismatch#?,JSType,JSType,JSError#827	0.029235267310234306	0.0	0.00584705346204686		_
com.google.javascript.rhino.JSTypeExpression#boolean#isOptionalArg#?#90	0.029204083016228455	0.0	0.00584081660324569		_
com.google.javascript.rhino.JSTypeExpression#boolean#isVarArgs#?#97	0.029191637209988307	0.0	0.005838327441997661		_
com.google.javascript.jscomp.parsing.JsDocInfoParser#String#getRemainingJSDocLine#?#2481	0.029191637209988307	0.0	0.005838327441997661		_
com.google.javascript.rhino.JSDocInfo#boolean#hasParameterType#?,String#1038	0.02913582733740325	0.0	0.005827165467480649		_
com.google.javascript.rhino.jstype.ObjectType#Set<String>#getOwnPropertyNames#?#454	0.029117295059049423	0.0	0.005823459011809883		_
com.google.javascript.rhino.jstype.PropertyMap#Set<String>#getOwnPropertyNames#?#170	0.029117295059049423	0.0	0.005823459011809883		_
com.google.javascript.rhino.jstype.Property#JSDocInfo#getJSDocInfo#?#131	0.028952080535072162	0.0	0.005790416107014431		_
com.google.javascript.jscomp.parsing.JsDocInfoParser$ExtractionInfo#?#ExtractionInfo#?,String,JsDocToken#1410	0.028921792755534036	0.0	0.005784358551106806		_
com.google.javascript.jscomp.NodeUtil#String#getStringValue#?,Node#182	0.028921792755534036	0.0	0.005784358551106806		_
com.google.javascript.rhino.jstype.ObjectType#JSDocInfo#getOwnPropertyJSDocInfo#?,String#390	0.02889763085260673	0.0	0.0057795261705213445		_
com.google.javascript.rhino.jstype.FunctionType#JSType#getReturnType#?#324	0.0288314965852446	0.0	0.005766299317048919		_
com.google.javascript.jscomp.TypeValidator#void#expectAllInterfaceProperties#?,NodeTraversal,Node,FunctionType#592	0.028700578896514575	0.0	0.0057401157793029135		_
com.google.javascript.rhino.jstype.FunctionType#Iterable<ObjectType>#getAllImplementedInterfaces#?#502	0.02864753332081586	0.0	0.00572950666416317		_
com.google.javascript.rhino.Node#boolean#isOptionalArg#?#1934	0.028612332570284556	0.0	0.00572246651405691		_
com.google.javascript.rhino.jstype.JSType#boolean#isInstanceType#?#520	0.02854813347699592	0.0	0.0057096266953991824		_
com.google.javascript.rhino.jstype.UnionType#JSType#restrictByNotNullOrUndefined#?#229	0.0284785885905587	0.0	0.005695717718111739		_
com.google.javascript.rhino.jstype.ObjectType#boolean#isPropertyTypeInferred#?,String#461	0.028472816098639553	0.0	0.005694563219727909		_
com.google.javascript.jscomp.TypeCheck#Scope#processForTesting#?,Node,Node#410	0.028461281637522665	0.0	0.005692256327504532		_
com.google.javascript.jscomp.Scope$Var#void#markAssignedExactlyOnce#?#336	0.02844976118303832	0.0	0.005689952236607663		_
com.google.javascript.rhino.Node#boolean#isVarArgs#?#1916	0.028409549486356805	0.0	0.005681909897271359		_
com.google.javascript.jscomp.TypeCheck#void#ensureTyped#?,NodeTraversal,Node#2029	0.028380931014817347	0.0	0.005676186202963468		_
com.google.javascript.rhino.jstype.NullType#JSType#restrictByNotNullOrUndefined#?#84	0.02836380138986998	0.0	0.005672760277973995		_
com.google.javascript.rhino.jstype.Property#void#setNode#?,Node#139	0.028329634983503674	0.0	0.005665926996700733		_
com.google.javascript.rhino.jstype.JSTypeRegistry#FunctionType#createConstructorType#?,String,Node,Node,JSType,ImmutableList<TemplateType>#1450	0.028323952577472493	0.0	0.005664790515494497		_
com.google.javascript.jscomp.parsing.JsDocInfoParser#Node#newNode#?,int#2350	0.02826731594296241	0.0	0.005653463188592481		_
com.google.javascript.rhino.jstype.JSTypeRegistry#boolean#shouldTolerateUndefinedValues#?#226	0.028222250444486778	0.0	0.005644450088897354		_
com.google.javascript.jscomp.FunctionTypeBuilder$AstFunctionContents#void#recordAssignedName#?,String#992	0.028199798372162455	0.0	0.00563995967443249		_
com.google.javascript.rhino.jstype.ObjectType#JSType#findPropertyType#?,String#406	0.028199798372162455	0.0	0.00563995967443249		_
com.google.javascript.jscomp.TypedScopeCreator$GlobalScopeBuilder#void#maybeDeclareQualifiedName#?,NodeTraversal,JSDocInfo,Node,Node,Node#1919	0.028182994438777077	0.0	0.005636598887755414		_
com.google.javascript.rhino.JSDocInfo#boolean#isNoTypeCheck#?#539	0.028182994438777077	0.0	0.005636598887755414		_
com.google.javascript.rhino.jstype.ObjectType#boolean#isPropertyTypeDeclared#?,String#470	0.028177399799627415	0.0	0.005635479959925482		_
com.google.javascript.rhino.JSDocInfo#JSTypeExpression#getType#?#1141	0.028143901789211678	0.0	0.005628780357842335		_
com.google.javascript.jscomp.TypeCheck#void#ensureTyped#?,NodeTraversal,Node,JSTypeNative#2033	0.0281271975231506	0.0	0.005625439504630118		_
com.google.javascript.jscomp.InferJSDocInfo#ObjectType#dereferenceToObject#?,JSType#195	0.028116077855776665	0.0	0.005623215571155331		_
com.google.javascript.jscomp.Scope$Var#Node#getNameNode#?#243	0.028116077855776665	0.0	0.005623215571155331		_
com.google.javascript.jscomp.parsing.IRFactory#boolean#isExprStmt#?,AstNode#362	0.02808833628231621	0.0	0.005617667256463241		_
com.google.javascript.rhino.jstype.JSType#ObjectType#dereference#?#798	0.028066202050129763	0.0	0.005613240410025952		_
com.google.javascript.rhino.jstype.JSType#JSType#autobox#?#786	0.028027592733560525	0.0	0.005605518546712104		_
com.google.javascript.rhino.jstype.JSType#JSType#autoboxesTo#?#757	0.027989142318762	0.0	0.005597828463752399		_
com.google.javascript.rhino.jstype.Property#boolean#isTypeInferred#?#119	0.02797271194322297	0.0	0.005594542388644592		_
com.google.javascript.rhino.jstype.TemplateTypeMap#TemplateType#getTemplateTypeKeyByName#?,String#161	0.027967241578069804	0.0	0.0055934483156139594		_
com.google.javascript.jscomp.TypeCheck#JSType#getNativeType#?,JSTypeNative#2085	0.027956310468964317	0.0	0.005591262093792862		_
com.google.javascript.rhino.JSDocInfo#boolean#hasModifies#?#1644	0.02793448664794186	0.0	0.005586897329588371		_
com.google.javascript.rhino.JSDocInfoBuilder#boolean#hasAnySingletonSideEffectTags#?#1194	0.02793448664794186	0.0	0.005586897329588371		_
com.google.javascript.jscomp.CodingConventions$Proxy#Collection<AssertionFunctionSpec>#getAssertionFunctions#?#210	0.02793448664794186	0.0	0.005586897329588371		_
com.google.javascript.rhino.JSDocInfo#boolean#isNoSideEffects#?#627	0.027918152281484514	0.0	0.005583630456296901		_
com.google.javascript.jscomp.TypeValidator#void#setShouldReport#?,boolean#158	0.027847699683560257	0.0	0.00556953993671205		_
com.google.javascript.rhino.jstype.TemplateTypeMap#boolean#isEmpty#?#97	0.027847699683560257	0.0	0.00556953993671205		_
com.google.javascript.jscomp.TypeCheck#?#TypeCheck#?,AbstractCompiler,ReverseAbstractInterpreter,JSTypeRegistry,Scope,MemoizedScopeCreator,CheckLevel#348	0.02779386684821324	0.0	0.005558773369642647		_
com.google.javascript.rhino.jstype.JSType#EnumType#toMaybeEnumType#?#379	0.027772420960106178	0.0	0.005554484192021234		_
com.google.javascript.rhino.jstype.JSType#boolean#isEnumType#?#372	0.02774034500604222	0.0	0.005548069001208442		_
com.google.javascript.jscomp.parsing.JsDocInfoParser#Node#wrapNode#?,int,Node#2344	0.027735009811261455	0.0	0.00554700196225229		_
com.google.javascript.jscomp.InferJSDocInfo#?#InferJSDocInfo#?,AbstractCompiler#69	0.0277296776935901	0.0	0.005545935538718019		_
com.google.javascript.jscomp.TypeInference#FlowScope#traverseGetProp#?,Node,FlowScope#1272	0.02771902267775251	0.0	0.005543804535550501		_
com.google.javascript.rhino.JSDocInfo#void#setReturnType#?,JSTypeExpression#1070	0.027708379934922978	0.0	0.005541675986984594		_
com.google.javascript.jscomp.Scope$Var#void#setType#?,JSType#259	0.027703063158526546	0.0	0.005540612631705308		_
com.google.javascript.jscomp.TypeInference#FlowScope#traverseAssign#?,Node,FlowScope#510	0.027703063158526546	0.0	0.005540612631705308		_
com.google.javascript.rhino.jstype.ObjectType#boolean#isObject#?#576	0.027687131174178918	0.0	0.005537426234835783		_
com.google.javascript.rhino.JSDocInfo#JSTypeExpression#getReturnType#?#1148	0.02763422240965594	0.0	0.005526844481931187		_
com.google.javascript.jscomp.TypedScopeCreator$AbstractScopeBuilder#void#attachLiteralTypes#?,Node#585	0.02753452584887775	0.0	0.005506905169775549		_
com.google.javascript.rhino.jstype.ObjectType#JSDocInfo#getJSDocInfo#?#142	0.027487676257772948	0.0	0.005497535251554588		_
com.google.javascript.rhino.JSDocInfo#boolean#makesDicts#?#514	0.02743073910242014	0.0	0.005486147820484027		_
com.google.javascript.rhino.JSDocInfo#boolean#makesStructs#?#506	0.02742558052426406	0.0	0.005485116104852811		_
com.google.javascript.rhino.jstype.FunctionBuilder#FunctionBuilder#withReturnType#?,JSType,boolean#104	0.02738441640271498	0.0	0.005476883280542995		_
com.google.javascript.rhino.jstype.FunctionBuilder#FunctionBuilder#withSourceNode#?,Node#78	0.02738441640271498	0.0	0.005476883280542995		_
com.google.javascript.rhino.jstype.FunctionBuilder#FunctionBuilder#withName#?,String#72	0.027379283909669677	0.0	0.005475856781933935		_
com.google.javascript.rhino.jstype.FunctionBuilder#FunctionBuilder#withTemplateKeys#?,ImmutableList<TemplateType>#125	0.02734854943722097	0.0	0.005469709887444193		_
com.google.javascript.jscomp.NodeUtil#boolean#isBleedingFunctionName#?,Node#1983	0.02732301628868249	0.0	0.005464603257736496		_
com.google.javascript.rhino.jstype.ObjectType#boolean#hasProperty#?,String#437	0.02723168561657922	0.0	0.005446337123315843		_
com.google.javascript.rhino.jstype.UnionType#JSType#resolveInternal#?,ErrorReporter,StaticScope<JSType>#558	0.02716629124620806	0.0	0.005433258249241611		_
com.google.javascript.rhino.jstype.UnionType#void#rebuildAlternates#?#110	0.02716629124620806	0.0	0.005433258249241611		_
com.google.javascript.rhino.jstype.FunctionBuilder#FunctionBuilder#withTypeOfThis#?,JSType#117	0.02714126471740779	0.0	0.005428252943481557		_
com.google.javascript.jscomp.TypedScopeCreator$DeferredSetType#void#resolve#?,Scope#178	0.027131273454519125	0.0	0.005426254690903824		_
com.google.javascript.rhino.jstype.ObjectType#void#setJSDocInfo#?,JSDocInfo#150	0.027091418459143857	0.0	0.00541828369182877		_
com.google.javascript.rhino.jstype.ObjectType#Property#getSlot#?,String#116	0.027041845831225732	0.0	0.005408369166245145		_
com.google.javascript.jscomp.FunctionTypeBuilder$AstFunctionContents#boolean#mayBeFromExterns#?#942	0.02699746235780194	0.0	0.005399492471560387		_
com.google.javascript.jscomp.FunctionTypeBuilder$AstFunctionContents#boolean#mayHaveSingleThrow#?#956	0.0269925443392972	0.0	0.0053985088678594395		_
com.google.javascript.jscomp.TypeInferencePass#?#TypeInferencePass#?,AbstractCompiler,ReverseAbstractInterpreter,Scope,MemoizedScopeCreator#54	0.0269925443392972	0.0	0.0053985088678594395		_
com.google.javascript.jscomp.TypeInferencePass#void#process#?,Node,Node#73	0.026987629007500225	0.0	0.005397525801500044		_
com.google.javascript.jscomp.TypeInferencePass#void#inferAllScopes#?,Node#109	0.026987629007500225	0.0	0.005397525801500044		_
com.google.javascript.jscomp.MemoizedScopeCreator#Collection<Scope>#getAllMemoizedScopes#?#91	0.026987629007500225	0.0	0.005397525801500044		_
com.google.javascript.jscomp.TypeInferencePass#ControlFlowGraph<Node>#computeCfg#?,Node#160	0.026987629007500225	0.0	0.005397525801500044		_
com.google.javascript.jscomp.TypeInferencePass#void#inferScope#?,Node,Scope#115	0.026987629007500225	0.0	0.005397525801500044		_
com.google.javascript.jscomp.TypeInferencePass$FirstScopeBuildingCallback#void#enterScope#?,NodeTraversal#133	0.026987629007500225	0.0	0.005397525801500044		_
com.google.javascript.jscomp.TypeInferencePass$SecondScopeBuildingCallback#void#enterScope#?,NodeTraversal#148	0.026987629007500225	0.0	0.005397525801500044		_
com.google.javascript.jscomp.Scope#StaticScope<JSType>#getParentScope#?#450	0.02698271635996567	0.0	0.005396543271993132		_
com.google.javascript.jscomp.NodeTraversal#void#traverseWithScope#?,Node,Scope#350	0.02698271635996567	0.0	0.005396543271993132		_
com.google.javascript.rhino.jstype.AllType#JSType#resolveInternal#?,ErrorReporter,StaticScope<JSType>#114	0.02698271635996567	0.0	0.005396543271993132		_
com.google.javascript.jscomp.MemoizedScopeCreator#?#MemoizedScopeCreator#?,ScopeCreator#56	0.026977806394251295	0.0	0.005395561278850258		_
com.google.javascript.rhino.jstype.UnknownType#JSType#resolveInternal#?,ErrorReporter,StaticScope<JSType>#159	0.026963092563653503	0.0	0.005392618512730699		_
com.google.javascript.rhino.JSDocInfo#boolean#isJavaDispatch#?#643	0.026958193300859603	0.0	0.0053916386601719195		_
com.google.javascript.rhino.jstype.ValueType#JSType#resolveInternal#?,ErrorReporter,StaticScope<JSType>#54	0.026958193300859603	0.0	0.0053916386601719195		_
com.google.javascript.rhino.jstype.Property#void#setType#?,JSType#127	0.026938622922018266	0.0	0.005387724584403652		_
com.google.javascript.jscomp.FunctionTypeBuilder$AstFunctionContents#boolean#mayHaveNonEmptyReturns#?#947	0.026938622922018266	0.0	0.005387724584403652		_
com.google.javascript.rhino.jstype.JSType#JSType#safeResolve#?,JSType,ErrorReporter,StaticScope<JSType>#1382	0.026933736983296295	0.0	0.005386747396659257		_
com.google.javascript.rhino.jstype.PropertyMap#Iterable<Property>#values#?#203	0.026914219780020714	0.0	0.005382843956004141		_
com.google.javascript.rhino.jstype.JSType#void#setResolvedTypeInternal#?,JSType#1361	0.026865611794203895	0.0	0.0053731223588407775		_
com.google.javascript.rhino.jstype.ObjectType#ObjectType#cast#?,JSType#605	0.026851080677052736	0.0	0.005370216135410546		_
com.google.javascript.rhino.jstype.FunctionType#JSType#getTypeOfThis#?#1103	0.026836573113268578	0.0	0.005367314622653714		_
com.google.javascript.jscomp.ClosureCodingConvention#Collection<AssertionFunctionSpec>#getAssertionFunctions#?#371	0.026817266223637653	0.0	0.00536345324472753		_
com.google.javascript.jscomp.ClosureCodingConvention$AssertFunctionByTypeName#?#AssertFunctionByTypeName#?,String,String#481	0.026817266223637653	0.0	0.00536345324472753		_
com.google.javascript.jscomp.ClosureCodingConvention$AssertInstanceofSpec#?#AssertInstanceofSpec#?,String#447	0.026817266223637653	0.0	0.00536345324472753		_
com.google.javascript.jscomp.CodingConvention$AssertionFunctionSpec#String#getFunctionName#?#398	0.026817266223637653	0.0	0.00536345324472753		_
com.google.javascript.jscomp.CodingConvention$AssertionFunctionSpec#?#AssertionFunctionSpec#?,String#387	0.026817266223637653	0.0	0.00536345324472753		_
com.google.javascript.jscomp.CodingConvention$AssertionFunctionSpec#?#AssertionFunctionSpec#?,String,JSTypeNative#392	0.026817266223637653	0.0	0.00536345324472753		_
com.google.javascript.jscomp.Scope$Var#Scope#getScope#?#185	0.02680762839179948	0.0	0.005361525678359894		_
com.google.javascript.jscomp.FunctionTypeBuilder$AstFunctionContents#Node#getSourceNode#?#937	0.02680762839179948	0.0	0.005361525678359894		_
com.google.javascript.jscomp.FunctionTypeBuilder$AstFunctionContents#Iterable<String>#getEscapedVarNames#?#962	0.026793191107712163	0.0	0.005358638221542432		_
com.google.javascript.jscomp.FunctionTypeBuilder$AstFunctionContents#?#AstFunctionContents#?,Node#932	0.026793191107712163	0.0	0.005358638221542432		_
com.google.javascript.jscomp.FunctionTypeBuilder$AstFunctionContents#Multiset<String>#getAssignedNameCounts#?#988	0.026793191107712163	0.0	0.005358638221542432		_
com.google.javascript.jscomp.TypedScopeCreator$LocalScopeBuilder#?#LocalScopeBuilder#?,Scope#1968	0.026793191107712163	0.0	0.005358638221542432		_
com.google.javascript.jscomp.TypedScopeCreator$AbstractScopeBuilder#void#defineSlot#?,Node,Node,JSType#1117	0.02678838386068187	0.0	0.005357676772136373		_
com.google.javascript.jscomp.FunctionTypeBuilder#?#FunctionTypeBuilder#?,String,AbstractCompiler,Node,String,Scope#218	0.026754805427388343	0.0	0.005350961085477667		_
com.google.javascript.jscomp.FunctionTypeBuilder$UnknownFunctionContents#FunctionContents#get#?#885	0.026754805427388343	0.0	0.005350961085477667		_
com.google.javascript.rhino.jstype.JSTypeRegistry#void#clearTemplateTypeNames#?#1843	0.026754805427388343	0.0	0.005350961085477667		_
com.google.javascript.jscomp.TypedScopeCreator#JSType#getNativeType#?,JSTypeNative#407	0.026754805427388343	0.0	0.005350961085477667		_
com.google.javascript.rhino.jstype.FunctionType#Node#getParametersNode#?#288	0.02673567435205868	0.0	0.005347134870411735		_
com.google.javascript.jscomp.Scope#Var#getSlot#?,String#517	0.026711818119635942	0.0	0.005342363623927187		_
com.google.javascript.jscomp.Scope$Var#Node#getInitialValue#?#227	0.02669753499690384	0.0	0.0053395069993807664		_
com.google.javascript.rhino.Node#boolean#isFromExterns#?#1127	0.026692779045143132	0.0	0.005338555809028625		_
com.google.javascript.rhino.jstype.JSTypeRegistry#JSType#createFromTypeNodes#?,Node,String,StaticScope<JSType>#1578	0.02668802563418119	0.0	0.005337605126836237		_
com.google.javascript.rhino.JSTypeExpression#JSType#evaluate#?,StaticScope<JSType>,JSTypeRegistry#106	0.02668802563418119	0.0	0.005337605126836237		_
com.google.javascript.jscomp.TypedScopeCreator$DeferredSetType#?#DeferredSetType#?,Node,JSType#169	0.02657939327645653	0.0	0.005315878655291305		_
com.google.javascript.jscomp.TypedScopeCreator$AbstractScopeBuilder#void#setDeferredType#?,Node,JSType#462	0.02657939327645653	0.0	0.005315878655291305		_
com.google.javascript.jscomp.Scope$Var#boolean#isTypeInferred#?#278	0.026574700172636696	0.0	0.005314940034527338		_
com.google.javascript.jscomp.TypedScopeCreator$AbstractScopeBuilder#void#assertDefinitionNode#?,Node,int#752	0.026555952586407233	0.0	0.0053111905172814455		_
com.google.javascript.rhino.Node#boolean#isDec#?#2274	0.026546593660094948	0.0	0.005309318732018988		_
com.google.javascript.rhino.Node#boolean#isInc#?#2334	0.026546593660094948	0.0	0.005309318732018988		_
com.google.javascript.rhino.JSDocInfo#void#setType#?,JSTypeExpression#1066	0.026546593660094948	0.0	0.005309318732018988		_
com.google.javascript.rhino.Node#boolean#isQualifiedName#?#1603	0.026504600604023158	0.0	0.00530092012080463		_
com.google.javascript.jscomp.parsing.JsDocTokenStream#void#ungetCharIgnoreLineEnd#?,int#439	0.026462806201248155	0.0	0.0052925612402496295		_
com.google.javascript.jscomp.Scope$Var#JSType#getType#?#236	0.026458174573278623	0.0	0.0052916349146557235		_
com.google.javascript.jscomp.CodingConventions$Proxy#void#defineDelegateProxyPrototypeProperties#?,JSTypeRegistry,StaticScope<JSType>,List<ObjectType>,Map<String,String>#199	0.026448918608477878	0.0	0.005289783721695574		_
com.google.javascript.jscomp.TypedScopeCreator$AbstractScopeBuilder#?#AbstractScopeBuilder#?,Scope#458	0.026444294267397254	0.0	0.00528885885347945		_
com.google.javascript.jscomp.NodeTraversal#InputId#getInputId#?#697	0.026444294267397254	0.0	0.00528885885347945		_
com.google.javascript.jscomp.type.SemanticReverseAbstractInterpreter#?#SemanticReverseAbstractInterpreter#?,CodingConvention,JSTypeRegistry#120	0.026444294267397254	0.0	0.00528885885347945		_
com.google.javascript.jscomp.TypedScopeCreator#?#TypedScopeCreator#?,AbstractCompiler#183	0.026444294267397254	0.0	0.00528885885347945		_
com.google.javascript.jscomp.Scope#Iterator<Var>#getDeclarativelyUnboundVarsWithoutTypes#?#617	0.026444294267397254	0.0	0.00528885885347945		_
com.google.javascript.jscomp.TypeInference#List<FlowScope>#branchedFlowThrough#?,Node,FlowScope#211	0.026444294267397254	0.0	0.00528885885347945		_
com.google.javascript.jscomp.NodeUtil#boolean#isCallOrNewTarget#?,Node#3072	0.026444294267397254	0.0	0.00528885885347945		_
com.google.javascript.jscomp.Scope#Scope#createLatticeBottom#?,Node#414	0.026444294267397254	0.0	0.00528885885347945		_
com.google.javascript.jscomp.TypedScopeCreator$GlobalScopeBuilder#?#GlobalScopeBuilder#?,Scope#1889	0.026444294267397254	0.0	0.00528885885347945		_
com.google.javascript.jscomp.Scope#void#setTypeResolver#?,TypeResolver#636	0.026444294267397254	0.0	0.00528885885347945		_
com.google.javascript.jscomp.TypeInference#FlowScope#createInitialEstimateLattice#?#171	0.026444294267397254	0.0	0.00528885885347945		_
com.google.javascript.jscomp.TypedScopeCreator$FirstOrderFunctionAnalyzer#?#FirstOrderFunctionAnalyzer#?,AbstractCompiler,Map<Node,AstFunctionContents>#2100	0.026444294267397254	0.0	0.00528885885347945		_
com.google.javascript.jscomp.TypeInference#FlowScope#createEntryLattice#?#176	0.026444294267397254	0.0	0.00528885885347945		_
com.google.javascript.jscomp.TypeInference#?#TypeInference#?,AbstractCompiler,ControlFlowGraph<Node>,ReverseAbstractInterpreter,Scope,Map<String,AssertionFunctionSpec>#117	0.026444294267397254	0.0	0.00528885885347945		_
com.google.javascript.jscomp.DataFlowAnalysis$BranchedFlowState#?#BranchedFlowState#?,L,List<L>#497	0.026439672351034522	0.0	0.005287934470206903		_
com.google.javascript.jscomp.DataFlowAnalysis$BranchedForwardDataFlowAnalysis#?#BranchedForwardDataFlowAnalysis#?,ControlFlowGraph<N>,JoinOp<L>#411	0.026439672351034522	0.0	0.005287934470206903		_
com.google.javascript.jscomp.DataFlowAnalysis$BranchedFlowState#void#setIn#?,L#508	0.026439672351034522	0.0	0.005287934470206903		_
com.google.javascript.jscomp.NodeTraversal$AbstractScopedCallback#boolean#shouldTraverse#?,NodeTraversal,Node,Node#154	0.026439672351034522	0.0	0.005287934470206903		_
com.google.javascript.jscomp.DataFlowAnalysis$BranchedForwardDataFlowAnalysis#boolean#isForward#?#427	0.026439672351034522	0.0	0.005287934470206903		_
com.google.javascript.jscomp.TypedScopeCreator#Scope#createInitialScope#?,Node#316	0.02643505285727147	0.0	0.005287010571454293		_
com.google.javascript.jscomp.TypedScopeCreator#void#declareNativeValueType#?,Scope,String,JSTypeNative#354	0.02643505285727147	0.0	0.005287010571454293		_
com.google.javascript.jscomp.TypedScopeCreator$DiscoverEnumsAndTypedefs#?#DiscoverEnumsAndTypedefs#?,JSTypeRegistry#366	0.02643505285727147	0.0	0.005287010571454293		_
com.google.javascript.jscomp.TypedScopeCreator#void#declareNativeFunctionType#?,Scope,JSTypeNative#348	0.02643505285727147	0.0	0.005287010571454293		_
com.google.javascript.jscomp.TypeValidator#?#TypeValidator#?,AbstractCompiler#139	0.02643505285727147	0.0	0.005287010571454293		_
com.google.javascript.jscomp.TypedScopeCreator#?#TypedScopeCreator#?,AbstractCompiler,CodingConvention#190	0.02643505285727147	0.0	0.005287010571454293		_
com.google.javascript.jscomp.TypedScopeCreator#void#declareNativeType#?,Scope,String,JSType#358	0.02643505285727147	0.0	0.005287010571454293		_
com.google.javascript.rhino.jstype.JSTypeRegistry#ErrorReporter#getErrorReporter#?#222	0.02643505285727147	0.0	0.005287010571454293		_
com.google.javascript.jscomp.NodeUtil#boolean#isCallOrNew#?,Node#1920	0.026421208890437087	0.0	0.005284241778087416		_
com.google.javascript.rhino.jstype.JSTypeRegistry#JSType#createUnionType#?,JSTypeNative#1055	0.026421208890437087	0.0	0.005284241778087416		_
com.google.javascript.jscomp.LinkedFlowScope#Scope#getFunctionScope#?#88	0.026407386650992314	0.0	0.005281477330198461		_
com.google.javascript.jscomp.NodeTraversal$AbstractShallowStatementCallback#boolean#shouldTraverse#?,NodeTraversal,Node,Node#188	0.026352313834736494	0.0	0.005270462766947297		_
com.google.javascript.rhino.jstype.JSType#JSType#restrictByNotNullOrUndefined#?#1203	0.026347739971327104	0.0	0.005269547994265419		_
com.google.javascript.rhino.jstype.UnionType#UnionType#toMaybeUnionType#?#379	0.026338599384765356	0.0	0.00526771987695307		_
com.google.javascript.jscomp.type.ChainableReverseAbstractInterpreter#?#ChainableReverseAbstractInterpreter#?,CodingConvention,JSTypeRegistry#68	0.026288495648390097	0.0	0.0052576991296780186		_
com.google.javascript.rhino.JSDocInfo#String#getLendsName#?#1248	0.026211621926396828	0.0	0.005242324385279364		_
com.google.javascript.rhino.jstype.UnknownType#boolean#isUnknownType#?#63	0.026207120918047958	0.0	0.00524142418360959		_
com.google.javascript.rhino.JSDocInfoBuilder#boolean#hasAnyTypeRelatedTags#?#1166	0.026198125853112302	0.0	0.005239625170622459		_
com.google.javascript.jscomp.LinkedFlowScope$FlatFlowScopeCache#?#FlatFlowScopeCache#?,Scope#409	0.026148818018424537	0.0	0.005229763603684906		_
com.google.javascript.jscomp.LinkedFlowScope#LinkedFlowScope#createEntryLattice#?,Scope#100	0.026148818018424537	0.0	0.005229763603684906		_
com.google.javascript.jscomp.LinkedFlowScope#?#LinkedFlowScope#?,FlatFlowScopeCache#79	0.026122039907950832	0.0	0.005224407981590165		_
com.google.javascript.jscomp.LinkedFlowScope#?#LinkedFlowScope#?,LinkedFlowScope#83	0.02610423347104321	0.0	0.0052208466942086406		_
com.google.javascript.jscomp.NodeTraversal#Node#getCurrentNode#?#452	0.025828499910081303	0.0	0.005165699982016259		_
com.google.javascript.jscomp.ControlFlowAnalysis#void#visit#?,NodeTraversal,Node,Node#324	0.025819888974716113	0.0	0.005163977794943222		_
com.google.javascript.jscomp.ControlFlowAnalysis#void#handleFunction#?,Node#528	0.025819888974716113	0.0	0.005163977794943222		_
com.google.javascript.rhino.jstype.JSType#FunctionType#toMaybeFunctionType#?,JSType#357	0.025811286645983367	0.0	0.0051622573291966725		_
com.google.javascript.jscomp.ControlFlowAnalysis#void#handleExpr#?,Node#535	0.025729991053040413	0.0	0.005145998210608081		_
com.google.javascript.jscomp.parsing.JsDocInfoParser#Node#parseAndRecordTypeNode#?,JsDocToken#1256	0.025704477917313395	0.0	0.005140895583462678		_
com.google.javascript.jscomp.ControlFlowAnalysis#void#handleStmt#?,Node#671	0.025657900289539272	0.0	0.005131580057907853		_
com.google.javascript.jscomp.Compiler#CompilerOptions#getOptions#?#2285	0.025527986035582786	0.0	0.005105597207116556		_
com.google.javascript.rhino.JSDocInfo#void#setConstructor#?,boolean#375	0.025387743978383667	0.0	0.005077548795676732		_
com.google.javascript.jscomp.DataFlowAnalysis#ControlFlowGraph<N>#getCfg#?#139	0.025141822757713452	0.0	0.00502836455154269		_
com.google.javascript.jscomp.DataFlowAnalysis#void#analyze#?#180	0.025141822757713452	0.0	0.00502836455154269		_
com.google.javascript.jscomp.graph.LinkedDirectedGraph#List<DiGraphEdge<N,E>>#getOutEdges#?,N#129	0.02508638316928225	0.0	0.005017276633856449		_
com.google.javascript.jscomp.ControlFlowGraph#boolean#isEnteringNewCfgNode#?,Node#160	0.025031308716087945	0.0	0.005006261743217588		_
com.google.javascript.jscomp.SourceFile#boolean#isExtern#?#181	0.02501955416802672	0.0	0.005003910833605343		_
com.google.javascript.jscomp.graph.LinkedDirectedGraph$LinkedDirectedGraphEdge#DiGraphNode<N,E>#getSource#?#480	0.025011726996188678	0.0	0.005002345399237735		_
com.google.javascript.rhino.JSDocInfo#boolean#hasBaseType#?#1374	0.02495325642529748	0.0	0.004990651285059496		_
com.google.javascript.jscomp.parsing.JsDocInfoParser#Node#newStringNode#?,String,int,int#2361	0.024929982747211407	0.0	0.00498599654944228		_
com.google.javascript.rhino.Node#Node#newString#?,String,int,int#518	0.024922239313961342	0.0	0.004984447862792268		_
com.google.javascript.rhino.JSDocInfo#boolean#hasReturnType#?#1130	0.024918370302168414	0.0	0.004983674060433682		_
com.google.javascript.rhino.JSDocInfo#JSTypeExpression#getBaseType#?#1204	0.024906774069335894	0.0	0.004981354813867178		_
com.google.javascript.jscomp.graph.LinkedDirectedGraph$AnnotatedLinkedDirectedGraphNode#A#getAnnotation#?#444	0.02487592975524973	0.0	0.0049751859510499446		_
com.google.javascript.jscomp.graph.LinkedDirectedGraph$AnnotatedLinkedDirectedGraphNode#void#setAnnotation#?,Annotation#449	0.02487592975524973	0.0	0.0049751859510499446		_
com.google.javascript.rhino.JSDocInfo#boolean#hasThisType#?#1192	0.024872082267831275	0.0	0.004974416453566254		_
com.google.javascript.rhino.JSTypeExpression#?#JSTypeExpression#?,Node,String#66	0.024849034773521312	0.0	0.004969806954704261		_
com.google.javascript.jscomp.parsing.JsDocInfoParser#JSTypeExpression#createJSTypeExpression#?,Node#1396	0.024810764252159563	0.0	0.004962152850431912		_
com.google.javascript.rhino.Node#boolean#isThis#?#2414	0.024772670011585653	0.0	0.004954534002317129		_
com.google.javascript.jscomp.ControlFlowAnalysis#Node#computeFollowNode#?,Node,ControlFlowAnalysis#675	0.024757481371278835	0.0	0.004951496274255766		_
com.google.javascript.jscomp.ControlFlowAnalysis#void#createEdge#?,Node,ControlFlowGraph.Branch,Node#821	0.024730968341474896	0.0	0.004946193668294978		_
com.google.javascript.jscomp.ControlFlowAnalysis#ControlFlowGraph<Node>#getCfg#?#145	0.024730968341474896	0.0	0.004946193668294978		_
com.google.javascript.jscomp.ControlFlowAnalysis#?#ControlFlowAnalysis#?,AbstractCompiler,boolean,boolean#141	0.024730968341474896	0.0	0.004946193668294978		_
com.google.javascript.jscomp.ControlFlowAnalysis$AstControlFlowGraph#?#AstControlFlowGraph#?,Node,Map<DiGraphNode<Node,Branch>,Integer>,boolean#1018	0.024730968341474896	0.0	0.004946193668294978		_
com.google.javascript.jscomp.parsing.JsDocTokenStream#boolean#isJSDocString#?,int#297	0.024727187714938786	0.0	0.004945437542987756		_
com.google.javascript.jscomp.graph.DiGraph#boolean#isConnected#?,N,E,N#99	0.024727187714938786	0.0	0.004945437542987756		_
com.google.javascript.jscomp.LinkedFlowScope#Node#getRootNode#?#131	0.024723408821707437	0.0	0.004944681764341486		_
com.google.javascript.jscomp.ControlFlowGraph#DiGraphNode<N,ControlFlowGraph.Branch>#getImplicitReturn#?#60	0.024715856229864275	0.0	0.004943171245972854		_
com.google.javascript.rhino.JSDocInfo#boolean#isConstant#?#490	0.024715856229864275	0.0	0.004943171245972854		_
com.google.javascript.jscomp.ControlFlowGraph#DiGraphNode<N,ControlFlowGraph.Branch>#getEntry#?#70	0.024715856229864275	0.0	0.004943171245972854		_
com.google.javascript.jscomp.ControlFlowGraph#?#ControlFlowGraph#?,N,boolean,boolean#49	0.024715856229864275	0.0	0.004943171245972854		_
com.google.javascript.rhino.JSDocInfo#boolean#isDefine#?#523	0.024697004990579873	0.0	0.004939400998115974		_
com.google.javascript.jscomp.ControlFlowAnalysis#Node#computeFallThrough#?,Node#808	0.02468195501661029	0.0	0.004936391003322057		_
com.google.javascript.jscomp.FunctionTypeBuilder$AstFunctionContents#void#recordNonEmptyReturn#?#951	0.0246781968201642	0.0	0.004935639364032839		_
com.google.javascript.jscomp.graph.LinkedDirectedGraph$AnnotatedLinkedDirectedGraphNode#?#AnnotatedLinkedDirectedGraphNode#?,N#438	0.024629495966832626	0.0	0.004925899193366524		_
com.google.javascript.jscomp.parsing.JsDocInfoParser#String#getSourceName#?#154	0.024521886354905213	0.0	0.004904377270981041		_
com.google.javascript.rhino.Node#JSType#getJSType#?#1838	0.02450715406979359	0.0	0.004901430813958717		_
com.google.javascript.rhino.Node#boolean#isSyntheticBlock#?#1950	0.024282146558931603	0.0	0.00485642931178632		_
com.google.javascript.jscomp.NodeUtil#boolean#isForIn#?,Node#1641	0.024267841905814505	0.0	0.0048535683811629		_
com.google.javascript.rhino.Node#void#setLength#?,int#1135	0.024257129990966502	0.0	0.004851425998193299		_
com.google.javascript.jscomp.Scope$Var#Node#getParentNode#?#170	0.02409114054616049	0.0	0.004818228109232096		_
com.google.javascript.jscomp.DiagnosticGroupWarningsGuard#boolean#disables#?,DiagnosticGroup#42	0.02382303276028985	0.0	0.004764606552057969		_
com.google.javascript.rhino.jstype.VoidType#JSType#restrictByNotNullOrUndefined#?#59	0.02370227315699886	0.0	0.004740454631399771		_
com.google.javascript.rhino.JSDocInfo#boolean#isConstructor#?#498	0.023672369106623056	0.0	0.00473447382132461		_
com.google.javascript.rhino.JSDocInfo#boolean#isInterface#?#579	0.023659114699589204	0.0	0.00473182293991784		_
com.google.javascript.rhino.Node$SiblingNodeIterable#?#SiblingNodeIterable#?,Node#1272	0.02364257795702247	0.0	0.004728515591404493		_
com.google.javascript.rhino.Node$SiblingNodeIterable#boolean#hasNext#?#1293	0.02364257795702247	0.0	0.004728515591404493		_
com.google.javascript.jscomp.graph.LinkedDirectedGraph#boolean#isConnectedInDirection#?,N,E,N#200	0.02363927476763059	0.0	0.004727854953526117		_
com.google.javascript.jscomp.graph.LinkedDirectedGraph$LinkedDirectedGraphEdge#E#getValue#?#500	0.023456477301009304	0.0	0.00469129546020186		_
com.google.javascript.rhino.Node#boolean#isReturn#?#2390	0.02338581542600525	0.0	0.004677163085201049		_
com.google.javascript.rhino.Node#boolean#isTry#?#2426	0.023379423239080863	0.0	0.004675884647816171		_
com.google.javascript.jscomp.PrepareAst$PrepareAnnotations#void#visit#?,NodeTraversal,Node,Node#135	0.023366654574426052	0.0	0.004673330914885209		_
com.google.javascript.rhino.JSDocInfoBuilder#boolean#hasAnySingletonTypeTags#?#1183	0.023357091793352585	0.0	0.004671418358670516		_
com.google.javascript.jscomp.graph.LinkedDirectedGraph$LinkedDirectedGraphEdge#?#LinkedDirectedGraphEdge#?,DiGraphNode<N,E>,E,DiGraphNode<N,E>#473	0.023318957740501974	0.0	0.004663791548100394		_
com.google.javascript.jscomp.graph.LinkedDirectedGraph#GraphNode<N,E>#getNode#?,N#118	0.023318957740501974	0.0	0.004663791548100394		_
com.google.javascript.jscomp.graph.LinkedDirectedGraph#void#connect#?,N,E,N#79	0.023318957740501974	0.0	0.004663791548100394		_
com.google.javascript.jscomp.graph.LinkedDirectedGraph$LinkedDirectedGraphNode#List<DiGraphEdge<N,E>>#getInEdges#?#389	0.023318957740501974	0.0	0.004663791548100394		_
com.google.javascript.jscomp.graph.LinkedDirectedGraph$LinkedDirectedGraphEdge#DiGraphNode<N,E>#getDestination#?#485	0.02329679894853162	0.0	0.004659359789706323		_
com.google.javascript.rhino.JSDocInfo#boolean#hasEnumParameterType#?#1114	0.023268401675088573	0.0	0.0046536803350177135		_
com.google.javascript.rhino.JSDocInfo#boolean#hasTypedefType#?#1122	0.023258958968575237	0.0	0.0046517917937150466		_
com.google.javascript.jscomp.graph.LinkedDirectedGraph#Iterable<DiGraphNode<N,E>>#getDirectedGraphNodes#?#107	0.023211917272131483	0.0	0.004642383454426295		_
com.google.javascript.rhino.Node#boolean#isFor#?#2302	0.023140337816687444	0.0	0.004628067563337487		_
com.google.javascript.jscomp.parsing.JsDocInfoParser#void#setFileOverviewJSDocInfo#?,JSDocInfo#120	0.02313105010296125	0.0	0.004626210020592249		_
com.google.javascript.jscomp.parsing.JsDocInfoParser#void#setFileLevelJsDocBuilder#?,Node.FileLevelJsDocBuilder#112	0.02311868386304882	0.0	0.004623736772609763		_
com.google.javascript.jscomp.parsing.JsDocInfoParser#JSDocInfo#getFileOverviewJSDocInfo#?#2504	0.023106337435539137	0.0	0.004621267487107826		_
com.google.javascript.jscomp.graph.LinkedDirectedGraph#GraphNode<N,E>#createNode#?,N#177	0.02307555769970229	0.0	0.004615111539940457		_
com.google.javascript.rhino.Node#boolean#isNew#?#2358	0.023047960849845034	0.0	0.004609592169969006		_
com.google.javascript.jscomp.graph.LinkedDirectedGraph$LinkedDirectedGraphNode#?#LinkedDirectedGraphNode#?,N#347	0.023041841651316942	0.0	0.004608368330263388		_
com.google.javascript.jscomp.graph.LinkedDirectedGraph$LinkedDirectedGraphNode#N#getValue#?#352	0.023032671985243936	0.0	0.004606534397048786		_
com.google.javascript.jscomp.Scope#Iterator<Var>#getVars#?#567	0.0230265649529252	0.0	0.004605312990585039		_
com.google.javascript.jscomp.graph.LinkedDirectedGraph#DiGraphNode<N,E>#getDirectedGraphNode#?,N#113	0.02301741350593744	0.0	0.004603482701187487		_
com.google.javascript.jscomp.graph.LinkedDirectedGraph$LinkedDirectedGraphNode#List<DiGraphEdge<N,E>>#getOutEdges#?#394	0.02301741350593744	0.0	0.004603482701187487		_
com.google.javascript.jscomp.parsing.JsDocInfoParser#JsDocToken#eatTokensUntilEOL#?#2390	0.02295063463685472	0.0	0.004590126927370943		_
com.google.javascript.jscomp.graph.LinkedDirectedGraph#?#LinkedDirectedGraph#?,boolean,boolean#74	0.02295063463685472	0.0	0.004590126927370943		_
com.google.javascript.rhino.Node#Node#setJSDocInfo#?,JSDocInfo#1887	0.02293252286133594	0.0	0.004586504572267187		_
com.google.javascript.rhino.JSDocInfo#boolean#hasType#?#1106	0.022296668736355038	0.0	0.004459333747271007		_
com.google.javascript.rhino.JSDocInfo#boolean#hasType#?,int#1134	0.022280060414693728	0.0	0.004456012082938745		_
com.google.javascript.rhino.jstype.JSType#JSType#getLeastSupertype#?,JSType,JSType#928	0.022194838080923766	0.0	0.004438967616184752		_
com.google.javascript.jscomp.Scope#boolean#isGlobal#?#603	0.022143085918268475	0.0	0.004428617183653694		_
com.google.javascript.rhino.JSDocInfo#boolean#isNoCompile#?#651	0.02208361225571831	0.0	0.004416722451143661		_
com.google.javascript.rhino.JSDocInfo#boolean#isExterns#?#635	0.022075539284417398	0.0	0.004415107856883479		_
com.google.javascript.rhino.JSDocInfo#boolean#hasFileOverview#?#1543	0.02206210398447872	0.0	0.004412420796895743		_
com.google.javascript.jscomp.parsing.JsDocInfoParser#JSDocInfo#retrieveAndResetParsedJSDocInfo#?#2497	0.021921181601070722	0.0	0.004384236320214143		_
com.google.javascript.rhino.JSDocInfo#void#setAssociatedNode#?,Node#1565	0.021915916515945887	0.0	0.004383183303189177		_
com.google.javascript.rhino.JSDocInfoBuilder#boolean#isPopulated#?#102	0.02191065522274417	0.0	0.004382131044548833		_
com.google.javascript.rhino.JSDocInfoBuilder#boolean#isPopulatedWithFileOverview#?#111	0.02191065522274417	0.0	0.004382131044548833		_
com.google.javascript.rhino.JSDocInfo#void#setVisibility#?,Visibility#682	0.02191065522274417	0.0	0.004382131044548833		_
com.google.javascript.jscomp.parsing.JsDocInfoParser#boolean#hasParsedFileOverviewDocInfo#?#2489	0.02191065522274417	0.0	0.004382131044548833		_
com.google.javascript.rhino.JSDocInfoBuilder#boolean#shouldParseDocumentation#?#94	0.021908025996692497	0.0	0.004381605199338498		_
com.google.javascript.rhino.JSDocInfo#Visibility#getVisibility#?#1005	0.021897518549566893	0.0	0.004379503709913378		_
com.google.javascript.jscomp.parsing.JsDocInfoParser#boolean#match#?,JsDocToken#2429	0.02189489404922193	0.0	0.004378978809844385		_
com.google.javascript.jscomp.parsing.JsDocInfoParser#JsDocToken#current#?#2459	0.02189489404922193	0.0	0.004378978809844385		_
com.google.javascript.jscomp.parsing.JsDocInfoParser#Node#createTemplateNode#?#2373	0.02189227049231967	0.0	0.004378454098463933		_
com.google.javascript.jscomp.parsing.JsDocTokenStream#String#getString#?#231	0.02185824984939871	0.0	0.004371649969879741		_
com.google.javascript.rhino.JSDocInfo#boolean#getFlag#?,int#677	0.021850421430410903	0.0	0.004370084286082179		_
com.google.javascript.jscomp.parsing.JsDocTokenStream#String#getStringFromBuffer#?#237	0.021850421430410903	0.0	0.004370084286082179		_
com.google.javascript.jscomp.parsing.JsDocTokenStream#void#ungetChar#?,int#255	0.021850421430410903	0.0	0.004370084286082179		_
com.google.javascript.jscomp.NodeUtil#boolean#isHoistedFunctionDeclaration#?,Node#1946	0.021837392736013945	0.0	0.004367478547202788		_
com.google.javascript.rhino.jstype.FunctionBuilder#FunctionBuilder#withReturnType#?,JSType#97	0.021767438281611307	0.0	0.00435348765632226		_
com.google.javascript.rhino.JSDocInfoBuilder#?#JSDocInfoBuilder#?,boolean#70	0.021764860270317654	0.0	0.00435297205406353		_
com.google.javascript.rhino.JSDocInfo#?#JSDocInfo#?,boolean#352	0.02172629968914809	0.0	0.004345259937829617		_
com.google.javascript.rhino.IR#Node#script#?#126	0.021422560838887206	0.0	0.00428451216777744		_
com.google.javascript.jscomp.NodeTraversal#void#traverseRoots#?,AbstractCompiler,List<Node>,Callback#502	0.021135934317058052	0.0	0.0042271868634116095		_
com.google.javascript.jscomp.parsing.IRFactory#Node#newNode#?,int,Node#1513	0.020833333333333332	0.0	0.004166666666666666		_
com.google.javascript.jscomp.NodeUtil#boolean#isStatementParent#?,Node#1796	0.02072344147123863	0.0	0.004144688294247725		_
com.google.javascript.rhino.jstype.NumberType#String#getDisplayName#?#102	0.020534703454456578	0.0	0.0041069406908913145		_
com.google.javascript.rhino.jstype.NumberType#String#toStringHelper#?,boolean#97	0.020534703454456578	0.0	0.0041069406908913145		_
com.google.javascript.rhino.Node#boolean#isGetElem#?#2314	0.0202444082544729	0.0	0.004048881650894579		_
com.google.javascript.jscomp.Scope#?#Scope#?,Scope,Node#390	0.020209238339780285	0.0	0.004041847667956056		_
com.google.javascript.jscomp.parsing.IRFactory$TransformDispatcher#boolean#validAssignmentTarget#?,Node#1225	0.020147618402643997	0.0	0.004029523680528798		_
com.google.javascript.rhino.Node#boolean#isCast#?#2254	0.020135361916625204	0.0	0.00402707238332504		_
com.google.javascript.jscomp.NodeTraversal#CompilerInput#getInput#?#439	0.020121090914638342	0.0	0.004024218182927667		_
com.google.javascript.jscomp.NodeUtil#boolean#isFunctionDeclaration#?,Node#1937	0.020020030050087657	0.0	0.00400400601001753		_
com.google.javascript.jscomp.NodeUtil#boolean#isObjectLitKey#?,Node#2105	0.019748812638334105	0.0	0.00394976252766682		_
com.google.javascript.rhino.jstype.JSTypeRegistry#JSType#createNullableType#?,JSType#1026	0.019741114796436383	0.0	0.003948222959287276		_
com.google.javascript.jscomp.Scope#Node#getRootNode#?#433	0.01970849910269546	0.0	0.003941699820539091		_
com.google.javascript.jscomp.parsing.IRFactory$TransformDispatcher#Node#processInfixExpression#?,InfixExpression#871	0.01954034605868497	0.0	0.0039080692117369935		_
com.google.javascript.rhino.Node#boolean#isParamList#?#2382	0.019516142867197755	0.0	0.00390322857343955		_
com.google.javascript.jscomp.Compiler#CodingConvention#getCodingConvention#?#2057	0.01939828623711308	0.0	0.0038796572474226153		_
com.google.javascript.jscomp.CompilerOptions#CodingConvention#getCodingConvention#?#1465	0.01939828623711308	0.0	0.0038796572474226153		_
com.google.javascript.rhino.jstype.JSType#String#toString#?#1411	0.019392813966684824	0.0	0.003878562793336964		_
com.google.javascript.rhino.Node#boolean#isExprResult#?#2294	0.019365521913052984	0.0	0.003873104382610596		_
com.google.javascript.jscomp.Scope#Var#declare#?,String,Node,JSType,CompilerInput#480	0.019253924891451925	0.0	0.003850784978290384		_
com.google.javascript.jscomp.NodeTraversal#boolean#inGlobalScope#?#672	0.019241446072101123	0.0	0.0038482892144202237		_
com.google.javascript.jscomp.NodeUtil#boolean#isAssignmentOp#?,Node#1531	0.019198845032223247	0.0	0.0038397690064446485		_
com.google.javascript.jscomp.Scope#boolean#isLocal#?#610	0.019131968294834524	0.0	0.003826393658966904		_
com.google.javascript.jscomp.Scope#Scope#getParent#?#437	0.018978031410319066	0.0	0.0037956062820638124		_
com.google.javascript.jscomp.NodeUtil#boolean#isGet#?,Node#1582	0.018942247884916413	0.0	0.0037884495769832816		_
com.google.javascript.jscomp.Scope#Var#declare#?,String,Node,JSType,CompilerInput,boolean#500	0.01893715245835888	0.0	0.0037874304916717754		_
com.google.javascript.jscomp.Scope$Var#?#Var#?,boolean,String,Node,JSType,Scope,int,CompilerInput#126	0.01893715245835888	0.0	0.0037874304916717754		_
com.google.javascript.jscomp.Compiler#CompilerInput#getInput#?,InputId#1064	0.01877458439983895	0.0	0.0037549168799677892		_
com.google.javascript.jscomp.Scope#?#Scope#?,Node,boolean#405	0.01876301402494075	0.0	0.003752602804988149		_
com.google.javascript.jscomp.Scope#Scope#createGlobalScope#?,Node#410	0.01876301402494075	0.0	0.003752602804988149		_
com.google.javascript.jscomp.NodeUtil#boolean#isControlStructure#?,Node#1697	0.018728430830182382	0.0	0.0037456861660364756		_
com.google.javascript.rhino.Node#boolean#hasMoreThanOneChild#?#1402	0.018698939800169144	0.0	0.003739787960033828		_
com.google.javascript.jscomp.NodeUtil#boolean#isFunctionExpression#?,Node#1975	0.01859198597837567	0.0	0.0037183971956751332		_
com.google.javascript.rhino.Node#boolean#isAssign#?#2230	0.01857433814717655	0.0	0.0037148676294353096		_
com.google.javascript.jscomp.NodeTraversal$AbstractPostOrderCallback#boolean#shouldTraverse#?,NodeTraversal,Node,Node#136	0.018569533817705187	0.0	0.0037139067635410367		_
com.google.javascript.jscomp.NodeUtil#boolean#isStatementBlock#?,Node#1775	0.018521694664415903	0.0	0.0037043389328831797		_
com.google.javascript.rhino.jstype.ObjectType#boolean#defineDeclaredProperty#?,String,JSType,Node#286	0.018512171125523655	0.0	0.00370243422510473		_
com.google.javascript.rhino.jstype.PrototypeObjectType#FunctionType#getConstructor#?#281	0.018504246055112295	0.0	0.003700849211022458		_
com.google.javascript.rhino.jstype.ObjectType#boolean#hasOwnDeclaredProperty#?,String#477	0.018496331154174848	0.0	0.003699266230834969		_
com.google.javascript.rhino.Node#void#setVarArgs#?,boolean#1907	0.01848842640098073	0.0	0.0036976852801961454		_
com.google.javascript.jscomp.parsing.IRFactory$TransformDispatcher#Node#processBlock#?,Block#638	0.01848842640098073	0.0	0.0036976852801961454		_
com.google.javascript.rhino.jstype.ObjectType#boolean#hasOwnProperty#?,String#445	0.018483688410965465	0.0	0.0036967376821930922		_
com.google.javascript.rhino.jstype.PropertyMap#Property#getOwnProperty#?,String#148	0.01848210989023916	0.0	0.003696421978047831		_
com.google.javascript.rhino.jstype.ObjectType#Property#getOwnSlot#?,String#121	0.01848210989023916	0.0	0.003696421978047831		_
com.google.javascript.rhino.jstype.TemplateType#?#TemplateType#?,JSTypeRegistry,String#55	0.01847737675347874	0.0	0.0036954753506957473		_
com.google.javascript.rhino.Node#void#setOptionalArg#?,boolean#1925	0.01847422334842916	0.0	0.0036948446696858307		_
com.google.javascript.rhino.Node#boolean#isString#?#2402	0.0184584805050515	0.0	0.003691696101010299		_
com.google.javascript.rhino.jstype.JSTypeRegistry#ArrowType#createArrowType#?,Node,JSType#1078	0.01845219462695162	0.0	0.0036904389253903233		_
com.google.javascript.rhino.jstype.AllType#boolean#isAllType#?#58	0.018444346302566583	0.0	0.0036888692605133158		_
com.google.javascript.rhino.jstype.ArrowType#?#ArrowType#?,JSTypeRegistry,Node,JSType#64	0.018428679650370202	0.0	0.00368573593007404		_
com.google.javascript.rhino.jstype.InstanceObjectType#?#InstanceObjectType#?,JSTypeRegistry,FunctionType,boolean#61	0.018427115179918692	0.0	0.0036854230359837374		_
com.google.javascript.jscomp.NodeUtil#boolean#isStatement#?,Node#1782	0.018425551107838473	0.0	0.0036851102215676936		_
com.google.javascript.rhino.jstype.FunctionParamBuilder#boolean#hasVarArgs#?#152	0.018422424158115853	0.0	0.00368448483162317		_
com.google.javascript.rhino.jstype.PrototypeObjectType#PropertyMap#getPropertyMap#?#131	0.018414613743486557	0.0	0.0036829227486973107		_
com.google.javascript.rhino.jstype.TemplateTypeMapReplacer#?#TemplateTypeMapReplacer#?,JSTypeRegistry,TemplateTypeMap#64	0.018408372559188167	0.0	0.003681674511837633		_
com.google.javascript.rhino.jstype.JSTypeRegistry#void#register#?,JSType,String#602	0.01840369583322223	0.0	0.003680739166644445		_
com.google.javascript.rhino.Node#boolean#isCall#?#2246	0.018392797319442742	0.0	0.0036785594638885474		_
com.google.javascript.rhino.jstype.ModificationVisitor#?#ModificationVisitor#?,JSTypeRegistry#59	0.01839124196894151	0.0	0.0036782483937883013		_
com.google.javascript.jscomp.parsing.IRFactory#Node#newNode#?,int,Node,Node#1517	0.018369508409600763	0.0	0.0036739016819201517		_
com.google.javascript.rhino.jstype.FunctionParamBuilder#boolean#hasOptionalOrVarArgs#?#147	0.018366409900949288	0.0	0.003673281980189857		_
com.google.javascript.rhino.jstype.ProxyObjectType#?#ProxyObjectType#?,JSTypeRegistry,JSType#63	0.018338593698346256	0.0	0.0036677187396692503		_
com.google.javascript.rhino.jstype.FunctionParamBuilder#Node#newParameter#?,JSType#135	0.01831858263618279	0.0	0.0036637165272365574		_
com.google.javascript.rhino.jstype.PrototypeObjectType#?#PrototypeObjectType#?,JSTypeRegistry,String,ObjectType#105	0.018313973994413472	0.0	0.0036627947988826935		_
com.google.javascript.rhino.Node#boolean#hasChildren#?#534	0.01828486648462095	0.0	0.0036569732969241897		_
com.google.javascript.jscomp.parsing.IRFactory$TransformDispatcher#Node#processGeneric#?,com.google.javascript.rhino.head.Node#536	0.018283338352364335	0.0	0.003656667670472866		_
com.google.javascript.rhino.jstype.ProxyObjectType#?#ProxyObjectType#?,JSTypeRegistry,JSType,TemplateTypeMap#68	0.018275703433940485	0.0	0.0036551406867880963		_
com.google.javascript.rhino.jstype.InstanceObjectType#boolean#isNominalType#?#153	0.018205908047543202	0.0	0.0036411816095086396		_
com.google.javascript.jscomp.parsing.IRFactory#Node#newStringNode#?,String#1525	0.01817881366751496	0.0	0.003635762733502991		_
com.google.javascript.rhino.jstype.FunctionBuilder#FunctionBuilder#withParamsNode#?,Node#92	0.01817430968751417	0.0	0.0036348619375028333		_
com.google.javascript.rhino.jstype.NoType#boolean#isNoType#?#75	0.018168309585109805	0.0	0.0036336619170219604		_
com.google.javascript.rhino.jstype.FunctionBuilder#?#FunctionBuilder#?,JSTypeRegistry#66	0.018123497440281577	0.0	0.003624699488056315		_
com.google.javascript.rhino.jstype.FunctionBuilder#FunctionType#build#?#161	0.018123497440281577	0.0	0.003624699488056315		_
com.google.javascript.rhino.jstype.InstanceObjectType#Iterable<ObjectType>#getCtorExtendedInterfaces#?#176	0.018114574736479767	0.0	0.0036229149472959527		_
com.google.javascript.rhino.jstype.JSType#JSType#getNativeType#?,JSTypeNative#122	0.018080492721836983	0.0	0.0036160985443673957		_
com.google.javascript.rhino.jstype.FunctionParamBuilder#?#FunctionParamBuilder#?,JSTypeRegistry#55	0.018068683123763255	0.0	0.0036137366247526504		_
com.google.javascript.rhino.jstype.FunctionParamBuilder#Node#build#?#142	0.018068683123763255	0.0	0.0036137366247526504		_
com.google.javascript.rhino.jstype.FunctionType#Iterable<ObjectType>#getExtendedInterfaces#?#580	0.018058368686073287	0.0	0.0036116737372146566		_
com.google.javascript.rhino.jstype.ArrowType#?#ArrowType#?,JSTypeRegistry,Node,JSType,boolean#76	0.018053953616852973	0.0	0.003610790723370594		_
com.google.javascript.rhino.jstype.PrototypeObjectType#void#setOwnerFunction#?,FunctionType#389	0.018053953616852973	0.0	0.003610790723370594		_
com.google.javascript.rhino.jstype.FunctionType#boolean#hasCachedValues#?#1172	0.018053953616852973	0.0	0.003610790723370594		_
com.google.javascript.rhino.jstype.PrototypeObjectType#Iterable<ObjectType>#getCtorExtendedInterfaces#?#407	0.018033392693348645	0.0	0.003606678538669728		_
com.google.javascript.rhino.jstype.ObjectType#boolean#isFunctionPrototypeType#?#610	0.018031926742633438	0.0	0.003606385348526687		_
com.google.javascript.rhino.jstype.PrototypeObjectType#FunctionType#getOwnerFunction#?#395	0.018031926742633438	0.0	0.003606385348526687		_
com.google.javascript.rhino.jstype.FunctionType#ObjectType#getInstanceType#?#1079	0.0180129018582505	0.0	0.0036025803716500993		_
com.google.javascript.rhino.jstype.FunctionType#boolean#hasInstanceType#?#1095	0.0180129018582505	0.0	0.0036025803716500993		_
com.google.javascript.rhino.Node#boolean#hasOneChild#?#1392	0.018007060151640494	0.0	0.003601412030328098		_
com.google.javascript.rhino.jstype.FunctionType#FunctionType#toMaybeFunctionType#?#257	0.0179881137838858	0.0	0.003597622756777159		_
com.google.javascript.rhino.jstype.Property#?#Property#?,String,JSType,boolean,Node#83	0.0179881137838858	0.0	0.003597622756777159		_
com.google.javascript.rhino.jstype.JSType#boolean#isEmptyType#?#176	0.0179881137838858	0.0	0.003597622756777159		_
com.google.javascript.rhino.jstype.TemplateTypeMap#JSType#getResolvedTemplateType#?,TemplateType#180	0.01798665884686851	0.0	0.003597331769373701		_
com.google.javascript.rhino.jstype.InstanceObjectType#boolean#hasReferenceName#?#72	0.017985204262834193	0.0	0.003597040852566838		_
com.google.javascript.jscomp.Compiler#void#init#?,List<T1>,List<T2>,CompilerOptions#374	0.0179808426272025	0.0	0.003596168525440499		_
com.google.javascript.jscomp.Compiler#List<CompilerInput>#makeCompilerInput#?,List<T>,boolean#442	0.017969227094577368	0.0	0.0035938454189154726		_
com.google.javascript.rhino.jstype.JSType#boolean#isNoObjectType#?#172	0.01796487706979838	0.0	0.003592975413959675		_
com.google.javascript.rhino.jstype.TemplateTypeMap#boolean#failedEquivalenceCheck#?,EquivalenceMatch,EquivalenceMethod#252	0.01796053020267749	0.0	0.0035921060405354976		_
com.google.javascript.jscomp.BasicErrorManager#JSError[]#getWarnings#?#90	0.01796053020267749	0.0	0.0035921060405354976		_
com.google.javascript.jscomp.Compiler#JSError[]#getWarnings#?#1009	0.01796053020267749	0.0	0.0035921060405354976		_
com.google.javascript.rhino.jstype.FunctionType#boolean#isConstructor#?#194	0.017950399771073527	0.0	0.0035900799542147046		_
com.google.javascript.rhino.jstype.PrototypeObjectType#void#setPrettyPrint#?,boolean#272	0.017946063401938852	0.0	0.0035892126803877696		_
com.google.javascript.rhino.jstype.JSTypeRegistry#FunctionType#getNativeFunctionType#?,JSTypeNative#912	0.017935957416356965	0.0	0.003587191483271392		_
com.google.javascript.jscomp.parsing.IRFactory#?#IRFactory#?,String,StaticSourceFile,Config,ErrorReporter#166	0.017934515097395496	0.0	0.0035869030194790982		_
com.google.javascript.jscomp.Compiler#List<CompilerInput>#getAllInputsFromModules#?,List<JSModule>#520	0.017931631503020816	0.0	0.0035863263006041626		_
com.google.javascript.jscomp.JSModule#?#JSModule#?,String#63	0.017930190227328016	0.0	0.0035860380454656024		_
com.google.javascript.jscomp.JSModule#void#add#?,SourceFile#94	0.01792586848455187	0.0	0.003585173696910373		_
com.google.javascript.jscomp.CompilerInput#void#setModule#?,JSModule#329	0.017922989058224634	0.0	0.003584597811644926		_
com.google.javascript.jscomp.JSModule#void#add#?,CompilerInput#105	0.017922989058224634	0.0	0.003584597811644926		_
com.google.javascript.jscomp.JSModule#List<CompilerInput>#getInputs#?#205	0.01792011101901568	0.0	0.0035840222038031355		_
com.google.javascript.jscomp.CompilerInput#String#getName#?#101	0.017910048789278113	0.0	0.0035820097578556217		_
com.google.javascript.rhino.jstype.InstanceObjectType#ObjectType#getImplicitPrototype#?#77	0.01790000349050102	0.0	0.003580000698100203		_
com.google.javascript.rhino.jstype.PropertyMap#?#PropertyMap#?,Map<String,Property>#84	0.017894270903167298	0.0	0.003578854180633459		_
com.google.javascript.rhino.jstype.PrototypeObjectType#boolean#hasCachedValues#?#378	0.017894270903167298	0.0	0.003578854180633459		_
com.google.javascript.rhino.jstype.ObjectType#boolean#hasCachedValues#?#585	0.017894270903167298	0.0	0.003578854180633459		_
com.google.javascript.rhino.jstype.PropertyMap#?#PropertyMap#?#80	0.017894270903167298	0.0	0.003578854180633459		_
com.google.javascript.rhino.jstype.PrototypeObjectType#void#setImplicitPrototype#?,ObjectType#297	0.017894270903167298	0.0	0.003578854180633459		_
com.google.javascript.rhino.jstype.PrototypeObjectType#boolean#isNativeObjectType#?#384	0.01788854381999832	0.0	0.003577708763999663		_
com.google.javascript.rhino.InputId#String#getIdName#?#56	0.01788139269286067	0.0	0.0035762785385721335		_
com.google.javascript.rhino.jstype.PrototypeObjectType#boolean#hasReferenceName#?#313	0.01787567796190844	0.0	0.0035751355923816877		_
com.google.javascript.rhino.jstype.JSTypeRegistry#JSType#createUnionType#?,JSType#1046	0.0178628398242226	0.0	0.003572567964844519		_
com.google.javascript.rhino.jstype.InstanceObjectType#String#getReferenceName#?#67	0.017855719466852674	0.0	0.003571143893370534		_
com.google.javascript.rhino.Node#boolean#isGetProp#?#2318	0.01785287370709807	0.0	0.003570574741419613		_
com.google.javascript.rhino.jstype.JSTypeRegistry#ObjectType#getNativeObjectType#?,JSTypeNative#908	0.01783582767484668	0.0	0.0035671655349693355		_
com.google.javascript.rhino.jstype.FunctionType#boolean#isInterface#?#199	0.017825906676524627	0.0	0.0035651813353049246		_
com.google.javascript.rhino.jstype.Property#JSType#getType#?#114	0.017807525804153086	0.0	0.003561505160830616		_
com.google.javascript.rhino.IR#Node#block#?#92	0.01780470302125445	0.0	0.0035609406042508896		_
com.google.javascript.rhino.jstype.PrototypeObjectType#ObjectType#getImplicitPrototype#?#286	0.017794833841959616	0.0	0.0035589667683919224		_
com.google.javascript.rhino.jstype.InstanceObjectType#FunctionType#getConstructor#?#82	0.017793425298494238	0.0	0.003558685059698847		_
com.google.javascript.rhino.jstype.ObjectType#?#ObjectType#?,JSTypeRegistry,TemplateTypeMap#92	0.017792017089454125	0.0	0.0035584034178908243		_
com.google.javascript.rhino.jstype.UnionType#?#UnionType#?,JSTypeRegistry,Collection<JSType>#81	0.01778779446756258	0.0	0.0035575588935125154		_
com.google.javascript.rhino.jstype.UnionTypeBuilder#Collection<JSType>#getAlternateListCopy#?#327	0.01778779446756258	0.0	0.0035575588935125154		_
com.google.javascript.rhino.jstype.JSType#boolean#isSubtype#?,JSType#1233	0.01778357485073947	0.0	0.003556714970147893		_
com.google.javascript.rhino.jstype.JSType#boolean#hasAnyTemplateTypesInternal#?#449	0.017769531118903073	0.0	0.0035539062237806137		_
com.google.javascript.rhino.jstype.JSTypeRegistry#TemplateType#getObjectElementKey#?#209	0.017766726362967538	0.0	0.0035533452725935066		_
com.google.javascript.rhino.jstype.UnknownType#boolean#isSubtype#?,JSType#103	0.017759720279504548	0.0	0.003551944055900909		_
com.google.javascript.rhino.jstype.TemplateTypeMap#JSType#getTemplateType#?,TemplateType#151	0.017758320057144228	0.0	0.003551664011428845		_
com.google.javascript.rhino.Node#void#setJSType#?,JSType#1842	0.01774154318041165	0.0	0.003548308636082329		_
com.google.javascript.jscomp.parsing.IRFactory$TransformDispatcher#Node#processExpressionStatement#?,ExpressionStatement#719	0.017740147252703408	0.0	0.003548029450540681		_
com.google.javascript.rhino.jstype.UnionTypeBuilder#?#UnionTypeBuilder#?,JSTypeRegistry#100	0.017734566835058987	0.0	0.003546913367011797		_
com.google.javascript.rhino.jstype.JSType#boolean#isNominalType#?#488	0.017730384976049764	0.0	0.0035460769952099518		_
com.google.javascript.rhino.jstype.JSType#boolean#isUnknownType#?#257	0.017727598712973542	0.0	0.0035455197425947075		_
com.google.javascript.rhino.jstype.JSType#boolean#isExemptFromTemplateTypeInvariance#?,JSType#1307	0.017722030125208395	0.0	0.0035444060250416783		_
com.google.javascript.rhino.jstype.JSType#TemplatizedType#toMaybeTemplatizedType#?#407	0.01771924779845835	0.0	0.003543849559691669		_
com.google.javascript.rhino.jstype.JSType#boolean#isTemplatizedType#?#399	0.01771924779845835	0.0	0.003543849559691669		_
com.google.javascript.rhino.jstype.JSType#?#JSType#?,JSTypeRegistry#108	0.017709519964731222	0.0	0.0035419039929462438		_
com.google.javascript.rhino.jstype.JSType#boolean#isTemplateType#?#418	0.0177067435251179	0.0	0.0035413487050235796		_
com.google.javascript.rhino.jstype.JSType#TemplateType#toMaybeTemplateType#?#426	0.0177067435251179	0.0	0.0035413487050235796		_
com.google.javascript.rhino.jstype.UnionTypeBuilder#?#UnionTypeBuilder#?,JSTypeRegistry,int#104	0.017703968390938157	0.0	0.0035407936781876306		_
com.google.javascript.rhino.jstype.JSType#boolean#isNoResolvedType#?#168	0.017690112265788947	0.0	0.0035380224531577887		_
com.google.javascript.rhino.jstype.TemplateTypeMap#ImmutableList<TemplateType>#getTemplateKeys#?#104	0.01767905075946067	0.0	0.0035358101518921333		_
com.google.javascript.rhino.jstype.JSType#RecordType#toMaybeRecordType#?#395	0.01767905075946067	0.0	0.0035358101518921333		_
com.google.javascript.rhino.jstype.JSType#boolean#isRecordType#?#387	0.017676288623554512	0.0	0.0035352577247109015		_
com.google.javascript.rhino.jstype.JSType#FunctionType#toMaybeFunctionType#?#350	0.017654238044412535	0.0	0.003530847608882506		_
com.google.javascript.rhino.jstype.JSType#TemplateTypeMap#getTemplateTypeMap#?#456	0.01765148752043473	0.0	0.0035302975040869453		_
com.google.javascript.rhino.jstype.JSType#ObjectType#toObjectType#?#776	0.017650112740455196	0.0	0.0035300225480910385		_
com.google.javascript.rhino.jstype.JSType#boolean#isAllType#?#253	0.017650112740455196	0.0	0.0035300225480910385		_
com.google.javascript.rhino.jstype.JSType#boolean#isNoType#?#164	0.017644616831014637	0.0	0.0035289233662029267		_
com.google.javascript.rhino.jstype.JSType#boolean#isFunctionType#?#334	0.01763501133060864	0.0	0.003527002266121727		_
com.google.javascript.rhino.jstype.JSType#UnionType#toMaybeUnionType#?#324	0.017632269781998118	0.0	0.003526453956399623		_
com.google.javascript.rhino.jstype.JSType#boolean#isUnionType#?#265	0.017632269781998118	0.0	0.003526453956399623		_
com.google.javascript.rhino.jstype.JSType#?#JSType#?,JSTypeRegistry,TemplateTypeMap#114	0.017624052801459303	0.0	0.00352481056029186		_
com.google.javascript.rhino.jstype.JSTypeRegistry#TemplateTypeMap#createTemplateTypeMap#?,ImmutableList<TemplateType>,ImmutableList<JSType>#1494	0.017624052801459303	0.0	0.00352481056029186		_
com.google.javascript.rhino.IR#Node#string#?,String#447	0.017579063848365748	0.0	0.0035158127696731487		_
com.google.javascript.rhino.jstype.JSTypeRegistry#JSType#getNativeType#?,JSTypeNative#904	0.017543859649122806	0.0	0.0035087719298245606		_
com.google.javascript.rhino.jstype.JSType#boolean#isEquivalentTo#?,JSType#543	0.017534417675768018	0.0	0.003506883535153603		_
com.google.javascript.jscomp.Compiler#JSError[]#getErrors#?#1002	0.017511550487910747	0.0	0.0035023100975821488		_
com.google.javascript.jscomp.BasicErrorManager#JSError[]#getErrors#?#85	0.017510208143768042	0.0	0.0035020416287536078		_
com.google.javascript.rhino.Node#Node#newString#?,String#510	0.017460757394239454	0.0	0.00349215147884789		_
com.google.javascript.rhino.Node#boolean#isBlock#?#2238	0.0173670271761234	0.0	0.0034734054352246794		_
com.google.javascript.rhino.Node#boolean#isVar#?#2434	0.017356560381635747	0.0	0.003471312076327149		_
com.google.javascript.rhino.Node#boolean#getBooleanProp#?,int#820	0.017296741384666876	0.0	0.0034593482769333743		_
com.google.javascript.jscomp.CompilerOptions#void#addWarningsGuard#?,WarningsGuard#1221	0.017268350086674995	0.0	0.0034536700173349983		_
com.google.javascript.jscomp.CompilerOptions#void#setWarningLevel#?,DiagnosticGroup,CheckLevel#1195	0.017268350086674995	0.0	0.0034536700173349983		_
com.google.javascript.jscomp.SuppressDocWarningsGuard#?#SuppressDocWarningsGuard#?,Map<String,DiagnosticGroup>#43	0.01723369655646452	0.0	0.0034467393112929032		_
com.google.javascript.jscomp.ComposeWarningsGuard#void#addGuards#?,Iterable<WarningsGuard>#105	0.01723369655646452	0.0	0.0034467393112929032		_
com.google.javascript.jscomp.DiagnosticGroups#Map<String,DiagnosticGroup>#getRegisteredGroups#?#64	0.01723369655646452	0.0	0.0034467393112929032		_
com.google.javascript.jscomp.CompilerOptions#WarningsGuard#getWarningsGuard#?#1199	0.01723369655646452	0.0	0.0034467393112929032		_
com.google.javascript.jscomp.DiagnosticGroupWarningsGuard#?#DiagnosticGroupWarningsGuard#?,DiagnosticGroup,CheckLevel#32	0.01723113791988944	0.0	0.003446227583977887		_
com.google.javascript.jscomp.Compiler#DiagnosticGroups#getDiagnosticGroups#?#2130	0.01723113791988944	0.0	0.003446227583977887		_
com.google.javascript.rhino.Node#boolean#isName#?#2350	0.017227302100915658	0.0	0.003445460420183131		_
com.google.javascript.jscomp.ComposeWarningsGuard#?#ComposeWarningsGuard#?,List<WarningsGuard>#79	0.017223468842473787	0.0	0.0034446937684947565		_
com.google.javascript.jscomp.ComposeWarningsGuard$GuardComparator#?#GuardComparator#?,Map<WarningsGuard,Integer>#57	0.017223468842473787	0.0	0.0034446937684947565		_
com.google.javascript.jscomp.DiagnosticGroup#boolean#matches#?,DiagnosticType#110	0.01708715315433522	0.0	0.003417430630867043		_
com.google.javascript.jscomp.DiagnosticType#boolean#equals#?,Object#113	0.01708465922552469	0.0	0.0034169318451049376		_
com.google.javascript.jscomp.DiagnosticGroup#Iterable<DiagnosticType>#getTypes#?#129	0.01705109771040608	0.0	0.003410219542081215		_
com.google.javascript.jscomp.CompilerOptions#boolean#enables#?,DiagnosticGroup#1180	0.01705109771040608	0.0	0.003410219542081215		_
com.google.javascript.rhino.Node#Node#getParent#?#1322	0.017037481092399637	0.0	0.0034074962184799267		_
com.google.javascript.rhino.Node#boolean#isFunction#?#2306	0.01698701414450227	0.0	0.003397402828900453		_
com.google.javascript.jscomp.Compiler#CompilerInput#putCompilerInput#?,InputId,CompilerInput#1100	0.01695889903687727	0.0	0.0033917798073754535		_
com.google.javascript.jscomp.CompilerInput#InputId#getInputId#?#95	0.016956460837017517	0.0	0.0033912921674035027		_
com.google.javascript.jscomp.JsAst#InputId#getInputId#?#67	0.016952805508227798	0.0	0.003390561101645559		_
com.google.javascript.jscomp.CompilerInput#?#CompilerInput#?,SourceFile,boolean#89	0.016952805508227798	0.0	0.003390561101645559		_
com.google.javascript.jscomp.CompilerInput#void#setCompiler#?,AbstractCompiler#148	0.016952805508227798	0.0	0.003390561101645559		_
com.google.javascript.jscomp.CompilerInput#?#CompilerInput#?,SourceFile#85	0.016952805508227798	0.0	0.003390561101645559		_
com.google.javascript.jscomp.SourceFile#void#setIsExtern#?,boolean#186	0.016952805508227798	0.0	0.003390561101645559		_
com.google.javascript.jscomp.CompilerInput#?#CompilerInput#?,SourceAst,boolean#66	0.016952805508227798	0.0	0.003390561101645559		_
com.google.javascript.jscomp.JsAst#SourceFile#getSourceFile#?#72	0.016946718543287685	0.0	0.0033893437086575363		_
com.google.javascript.jscomp.PrepareAst#?#PrepareAst#?,AbstractCompiler#40	0.01692485963531647	0.0	0.0033849719270632934		_
com.google.javascript.rhino.Node#boolean#isObjectLit#?#2374	0.01692485963531647	0.0	0.0033849719270632934		_
com.google.javascript.jscomp.Compiler#void#prepareAst#?,Node#1973	0.01692485963531647	0.0	0.0033849719270632934		_
com.google.javascript.jscomp.PrepareAst#?#PrepareAst#?,AbstractCompiler,boolean#44	0.01692485963531647	0.0	0.0033849719270632934		_
com.google.javascript.rhino.Node$IntPropListItem#PropListItem#chain#?,PropListItem#354	0.016923647730289294	0.0	0.003384729546057858		_
com.google.javascript.jscomp.Compiler#ErrorReporter#getDefaultErrorReporter#?#1621	0.016910333934197906	0.0	0.0033820667868395804		_
com.google.javascript.jscomp.Compiler#boolean#acceptConstKeyword#?#2085	0.016910333934197906	0.0	0.0033820667868395804		_
com.google.javascript.jscomp.NodeTraversal#String#getSourceName#?,Node#693	0.016910333934197906	0.0	0.0033820667868395804		_
com.google.javascript.jscomp.JsAst#?#JsAst#?,SourceFile#42	0.016903085094570332	0.0	0.003380617018914066		_
com.google.javascript.rhino.Node#String#getSourceFileName#?#1103	0.01689946416873467	0.0	0.0033798928337469337		_
com.google.javascript.jscomp.SourceFile#String#getCode#?#132	0.016897051510549953	0.0	0.0033794103021099896		_
com.google.javascript.jscomp.Compiler#boolean#isIdeMode#?#2064	0.016894639885402362	0.0	0.0033789279770804715		_
com.google.javascript.jscomp.CompilerOptions#LanguageMode#getLanguageIn#?#1566	0.016894639885402362	0.0	0.0033789279770804715		_
com.google.javascript.jscomp.NodeTraversal#boolean#hasScope#?#680	0.016888615337236124	0.0	0.003377723067447224		_
com.google.javascript.jscomp.NodeTraversal#void#traverse#?,AbstractCompiler,Node,Callback#493	0.016888615337236124	0.0	0.003377723067447224		_
com.google.javascript.jscomp.NodeTraversal#void#traverse#?,Node#283	0.016888615337236124	0.0	0.003377723067447224		_
com.google.javascript.rhino.Node#InputId#getInputId#?#1122	0.016887411200816126	0.0	0.003377482240163224		_
com.google.javascript.jscomp.NodeTraversal#?#NodeTraversal#?,AbstractCompiler,Callback#231	0.016887411200816126	0.0	0.003377482240163224		_
com.google.javascript.jscomp.SyntacticScopeCreator#?#SyntacticScopeCreator#?,AbstractCompiler#46	0.016885003700454496	0.0	0.0033770007400908985		_
com.google.javascript.rhino.Node#Node#getLastChild#?#542	0.016878989451394443	0.0	0.0033757978902788878		_
com.google.javascript.rhino.Node#boolean#isScript#?#2394	0.016866980208001862	0.0	0.003373396041600372		_
com.google.javascript.jscomp.SourceFile#String#getName#?#175	0.016837068887766544	0.0	0.0033674137775533083		_
com.google.javascript.jscomp.SourceFile$Preloaded#?#Preloaded#?,String,String,String#422	0.016834682850925008	0.0	0.003366936570185001		_
com.google.javascript.jscomp.SourceFile#SourceFile#fromCode#?,String,String#323	0.016834682850925008	0.0	0.003366936570185001		_
com.google.javascript.jscomp.SourceFile#Builder#builder#?#355	0.016834682850925008	0.0	0.003366936570185001		_
com.google.javascript.jscomp.SourceFile$Builder#SourceFile#buildFromCode#?,String,String#391	0.016834682850925008	0.0	0.003366936570185001		_
com.google.javascript.jscomp.SourceFile#void#setCode#?,String#148	0.016834682850925008	0.0	0.003366936570185001		_
com.google.javascript.jscomp.SourceFile#void#setOriginalPath#?,String#156	0.016834682850925008	0.0	0.003366936570185001		_
com.google.javascript.jscomp.parsing.IRFactory$TransformDispatcher#Node#processName#?,Name#911	0.016810878140415944	0.0	0.003362175628083188		_
com.google.javascript.jscomp.parsing.IRFactory#Node#newStringNode#?,int,String#1529	0.016801384491125452	0.0	0.0033602768982250895		_
com.google.javascript.jscomp.parsing.ParserRunner$ParseResult#?#ParseResult#?,Node,AstRoot#158	0.016764747939299315	0.0	0.0033529495878598624		_
com.google.javascript.rhino.Node#void#setIsSyntheticBlock#?,boolean#1942	0.016763570101946592	0.0	0.0033527140203893175		_
com.google.javascript.jscomp.parsing.IRFactory$TransformDispatcher#Node#processAstRoot#?,AstRoot#593	0.016740065365060848	0.0	0.0033480130730121687		_
com.google.javascript.jscomp.parsing.IRFactory#Node#createTemplateNode#?#183	0.016727179829474116	0.0	0.0033454359658948224		_
com.google.javascript.jscomp.parsing.IRFactory#Node#justTransform#?,AstNode#526	0.016727179829474116	0.0	0.0033454359658948224		_
com.google.javascript.jscomp.parsing.IRFactory#Node#newNode#?,int#1509	0.016727179829474116	0.0	0.0033454359658948224		_
com.google.javascript.rhino.Node#FileLevelJsDocBuilder#getJsDocBuilderForNode#?#1846	0.016721332596160397	0.0	0.0033442665192320786		_
com.google.javascript.rhino.Node$StringNode#String#getString#?#214	0.016711989763976254	0.0	0.00334239795279525		_
com.google.javascript.rhino.Node#JSDocInfo#getJSDocInfo#?#1880	0.016689863152028125	0.0	0.0033379726304056242		_
com.google.javascript.rhino.Node#void#putBooleanProp#?,int,boolean#851	0.016681733368861498	0.0	0.003336346673772299		_
com.google.javascript.rhino.Node#Node#getNext#?#546	0.01661711996595676	0.0	0.003323423993191351		_
com.google.javascript.rhino.Node#Node#newString#?,int,String#514	0.01657028695180078	0.0	0.0033140573903601553		_
com.google.javascript.rhino.Node#void#setInputId#?,InputId#1115	0.01643545731515533	0.0	0.003287091463031065		_
com.google.javascript.rhino.InputId#?#InputId#?,String#52	0.016421047536961112	0.0	0.0032842095073922217		_
com.google.javascript.rhino.Node#Node#clonePropsFrom#?,Node#780	0.016405571622010614	0.0	0.0032811143244021223		_
com.google.javascript.rhino.Node#Node#getFirstChild#?#538	0.016385738161256994	0.0	0.003277147632251398		_
com.google.javascript.rhino.Node#StaticSourceFile#getStaticSourceFile#?#1108	0.01637804455201046	0.0	0.003275608910402091		_
com.google.javascript.rhino.Node$ObjectPropListItem#Object#getObjectValue#?#312	0.01636597645980193	0.0	0.003273195291960385		_
com.google.javascript.rhino.Node#PropListItem#createProp#?,int,int,PropListItem#866	0.016328843065300733	0.0	0.0032657686130601457		_
com.google.javascript.rhino.Node$IntPropListItem#?#IntPropListItem#?,int,int,PropListItem#333	0.016328843065300733	0.0	0.0032657686130601457		_
com.google.javascript.rhino.Node#PropListItem#createProp#?,int,Object,PropListItem#862	0.016247816846282067	0.0	0.003249563369256413		_
com.google.javascript.rhino.Node$ObjectPropListItem#?#ObjectPropListItem#?,int,Object,PropListItem#301	0.016247816846282067	0.0	0.003249563369256413		_
com.google.javascript.rhino.Node#void#setStaticSourceFile#?,StaticSourceFile#1093	0.016226412783707848	0.0	0.003245282556741569		_
com.google.javascript.jscomp.parsing.Config#?#Config#?,Set<String>,Set<String>,boolean,LanguageMode,boolean#78	0.016216808513683997	0.0	0.0032433617027367986		_
com.google.javascript.rhino.Node$AbstractPropListItem#PropListItem#getNext#?#286	0.016183857208774653	0.0	0.0032367714417549298		_
com.google.javascript.rhino.Node$AbstractPropListItem#?#AbstractPropListItem#?,int,PropListItem#275	0.0161405833748053	0.0	0.0032281166749610598		_
com.google.javascript.jscomp.parsing.IRFactory#Node#newNumberNode#?,Double#1533	0.012671432021161758	0.0	0.002534286404232351		_
com.google.javascript.jscomp.parsing.IRFactory$TransformDispatcher#Node#processNumberLiteral#?,NumberLiteral#958	0.012671432021161758	0.0	0.002534286404232351		_
com.google.javascript.rhino.IR#Node#number#?,double#455	0.01243219632283784	0.0	0.0024864392645675675		_
com.google.javascript.rhino.Node$NumberNode#?#NumberNode#?,double#151	0.012397752739056736	0.0	0.0024795505478113467		_
com.google.javascript.rhino.Node#Node#newNumber#?,double#502	0.012397752739056736	0.0	0.0024795505478113467		_
com.google.javascript.rhino.jstype.VoidType#String#toStringHelper#?,boolean#96	0.010882430135158827	0.0	0.002176486027031765		_
com.google.javascript.rhino.jstype.VoidType#String#getDisplayName#?#101	0.010882430135158827	0.0	0.002176486027031765		_
com.google.javascript.rhino.jstype.StringType#String#getDisplayName#?#97	0.010546786488216739	0.0	0.002109357297643347		_
com.google.javascript.rhino.jstype.StringType#String#toStringHelper#?,boolean#92	0.010546786488216739	0.0	0.002109357297643347		_
com.google.javascript.jscomp.DiagnosticType#DiagnosticType#error#?,String,String#52	0.0	0.0	0.0		_
com.google.javascript.jscomp.parsing.JsDocInfoParser#void#checkExtendedTypes#?,List<ExtendedTypeInfo>#1080	0.0	0.0	0.0		_
com.google.javascript.jscomp.DiagnosticType#?#DiagnosticType#?,String,CheckLevel,MessageFormat#97	0.0	0.0	0.0		_
com.google.javascript.jscomp.TypedScopeCreator$AbstractScopeBuilder#void#resolveStubDeclarations#?#1769	0.0	0.0	0.0		_
com.google.javascript.jscomp.parsing.ParserRunner#Set<String>#extractList#?,String#93	0.0	0.0	0.0		_
com.google.javascript.jscomp.DiagnosticType#DiagnosticType#warning#?,String,String#63	0.0	0.0	0.0		_
com.google.javascript.jscomp.DiagnosticType#DiagnosticType#make#?,String,CheckLevel,String#88	0.0	0.0	0.0		_
